Data/TMD/tiff/2019-10-30.tif
NCOLS 85
NROWS 151
XLLCORNER 97.2937
YLLCORNER 5.5627378
DX 0.098742119
DY 0.099019249
NODATA_VALUE -9999
[rows 50 to 74 of 151, columns 0 to 56 of 85]
0.32052744 0.3195379 0.3190543 0.31909968 0.3196605 0.32065959 0.32191746 0.32310281 0.32368138 0.32288984 0.31978619 0.31344558 0.30333515 0.28975957 0.27404323 0.25806109 0.24322161 0.22976701 0.21706632 0.20439007 0.1913007 0.17754234 0.16276761 0.146308 0.12703564 0.10356603 0.076272774 0.054388289 0.052709379 0.066780337 0.081732556 0.080164418 0.069797932 0.074299919 0.08964459 0.09776817 0.092107556 0.074139702 0.05969225 0.071420429 0.1012509 0.13646152 0.17086872 0.2007412 0.22412178 0.24008936 0.25033447 0.26333577 0.29362266 0.34818548 0.42016176 0.49934794 0.57816822 0.65033616 0.70895763 0.74582888 0.75220469
0.33274468 0.33303117 0.33414994 0.33621165 0.33930846 0.3434834 0.34867866 0.3546552 0.3608826 0.36642012 0.36985683 0.36944078 0.36353155 0.35132651 0.33344139 0.31177706 0.28863233 0.26576802 0.24407751 0.22379145 0.20477072 0.1866459 0.16880414 0.15024788 0.1292293 0.10233223 0.063041758 0.015742889 0.036990377 0.08560968 0.093947759 0.066118883 0.024365597 0.036987558 0.073991137 0.092361593 0.093222928 0.08240393 0.067378027 0.062667785 0.084717953 0.12154074 0.15726914 0.18718798 0.21091481 0.22934882 0.24498253 0.26277271 0.28899618 0.32758695 0.37768107 0.43465981 0.49230724 0.54391346 0.58230801 0.59956188 0.58713098
0.34497963 0.34659158 0.3494169 0.35368983 0.35966461 0.3675902 0.37765419 0.38987205 0.40389176 0.41869596 0.43225564 0.4413695 0.44215038 0.431504 0.40900827 0.37755675 0.34189442 0.30634344 0.27352537 0.24439803 0.21885519 0.1962581 0.17570658 0.15605309 0.1355976 0.11108899 0.075719147 0.031782053 0.067637775 0.13256619 0.12286543 0.070643633 0.010997599 0.027715861 0.070393448 0.090139271 0.091684506 0.076601618 0.04020167 0.012460876 0.051867137 0.10509615 0.14491231 0.17399591 0.19541786 0.21081972 0.22217505 0.23350631 0.25117209 0.2805283 0.32136354 0.36841489 0.41499814 0.45470934 0.48125824 0.48773701 0.46578316
0.35703249 0.35995897 0.36451925 0.37110712 0.38020162 0.39236507 0.40820886 0.42828358 0.4528123 0.48114303 0.51082755 0.53656435 0.5501329 0.54318876 0.51273838 0.46427432 0.40828246 0.35396074 0.30618442 0.26616217 0.23318004 0.20587605 0.18285323 0.16288576 0.14497628 0.12863615 0.11614214 0.12477477 0.19843195 0.24621763 0.17671283 0.10777455 0.066122159 0.064691095 0.080972854 0.09132662 0.091378865 0.076680434 0.039900313 0.012222451 0.050620002 0.10122432 0.13721501 0.16217322 0.17892623 0.18774114 0.18857434 0.18515785 0.18969634 0.21472826 0.25665085 0.30332733 0.34621075 0.38006484 0.40055527 0.4028568 0.38030844
0.36868591 0.3728374 0.37905354 0.38791453 0.40017879 0.41683018 0.43911323 0.46850547 0.50649331 0.55384822 0.60886879 0.66420437 0.7039146 0.70713219 0.66316399 0.58371562 0.49311891 0.41005702 0.34179877 0.28829239 0.24684761 0.21454192 0.18903921 0.16878028 0.15313937 0.14310645 0.14368737 0.17000142 0.24467713 0.28403329 0.19902648 0.13059424 0.097107267 0.086097469 0.08699705 0.090936413 0.09193409 0.085392359 0.070471571 0.062625219 0.080314401 0.10845034 0.1329481 0.1514261 0.16266389 0.1636447 0.14998129 0.12212305 0.10551893 0.13507747 0.19061173 0.24372978 0.28680998 0.31780359 0.33520267 0.33718816 0.32028076
0.3797226 0.38491861 0.39257879 0.4034757 0.41867147 0.43963933 0.46842544 0.50782757 0.56146473 0.63329376 0.72531676 0.83096021 0.92331465 0.95291979 0.88564037 0.7482061 0.59879824 0.47304916 0.37810971 0.30887574 0.25835379 0.2209436 0.19283717 0.17174283 0.15669313 0.14822636 0.1490932 0.16459796 0.19443567 0.2032352 0.1652189 0.12284126 0.094397964 0.079483714 0.077895881 0.083909488 0.089406792 0.090702106 0.088752276 0.089265777 0.097364836 0.11125298 0.12680377 0.14038672 0.14778565 0.14316785 0.11768929 0.063246102 0.017596566 0.064103226 0.13755047 0.19509716 0.23771821 0.26582548 0.28019229 0.28258595 0.27317774
0.38994878 0.39591665 0.40466763 0.41714168 0.43467586 0.45920989 0.4936073 0.54214048 0.61113558 0.70944744 0.84707289 1.0259701 1.2114975 1.30005 1.1945043 0.95548285 0.71609718 0.53486614 0.40986586 0.32475302 0.26571991 0.22365653 0.19300014 0.17052508 0.15457559 0.14465743 0.14112062 0.14408158 0.14967384 0.14657089 0.12813816 0.10121964 0.07100939 0.04659156 0.050868513 0.069423367 0.082412586 0.088878008 0.090915128 0.091308431 0.093680348 0.10159104 0.11474453 0.12795658 0.13508138 0.12993831 0.10500852 0.05544808 0.014515626 0.052270729 0.10817166 0.15907436 0.19865409 0.22177654 0.23015408 0.2305097 0.22795754
0.39922015 0.40560899 0.41497279 0.42836015 0.44729144 0.47402809 0.51202352 0.56668214 0.64659755 0.76528954 0.942103 1.1942546 1.4924468 1.6688404 1.5165279 1.1489253 0.81152868 0.57878299 0.42916726 0.33211243 0.26694577 0.2214743 0.18869865 0.16462804 0.1470243 0.13462606 0.12657342 0.121879 0.11867086 0.11347875 0.10240005 0.082259747 0.047727295 0.0055798875 0.02105886 0.055354039 0.073743235 0.082740421 0.084109293 0.078056158 0.070254151 0.075824709 0.095238552 0.11411335 0.12451787 0.1227547 0.10578597 0.076102046 0.049811851 0.043558449 0.079704553 0.1312923 0.16858233 0.18332389 0.17886227 0.1704513 0.17447836
0.40746533 0.41387537 0.42329351 0.43679342 0.4559381 0.48306466 0.52176775 0.57773024 0.66012764 0.78375807 0.97081053 1.2441009 1.579236 1.7887556 1.6199301 1.2054958 0.83494877 0.58595885 0.42882885 0.3280399 0.26073824 0.2137708 0.17964676 0.15407496 0.13461116 0.119712 0.10789328 0.097885188 0.090580623 0.087527498 0.084031494 0.072525324 0.048985889 0.022852296 0.029515735 0.048913817 0.065449703 0.0756023 0.074820545 0.057301846 0.027939538 0.034381395 0.07229224 0.10117938 0.11600259 0.11833173 0.10745204 0.081047253 0.033527037 0.0010716177 0.05451168 0.11497306 0.14806864 0.14991356 0.121932 0.091094067 0.10405569
0.41470113 0.42072388 0.42962205 0.44240472 0.46052472 0.48612287 0.52242748 0.57440328 0.64974771 0.76010056 0.92093825 1.1428577 1.3933703 1.5309929 1.3951132 1.0742833 0.76918559 0.55127278 0.40744907 0.31223477 0.24713815 0.20075177 0.16618323 0.13928177 0.11783604 0.10086517 0.086475043 0.070524922 0.055981448 0.058162234 0.067640942 0.066853357 0.05512628 0.038631021 0.023857862 0.033269295 0.056143317 0.069735271 0.069412911 0.048298008 0.0084461987 0.01625087 0.06244731 0.09373106 0.1098398 0.11514101 0.10989919 0.091350397 0.058313129 0.040805531 0.074349818 0.1168548 0.13794036 0.12666228 0.074373118 0.013778831 0.037720734
0.42103547 0.42629635 0.43415369 0.44547786 0.46148945 0.4839258 0.51528629 0.55916748 0.62061524 0.70607808 0.82140231 0.96352795 1.1001442 1.1540714 1.0602432 0.86108467 0.6539249 0.4893358 0.37090596 0.28734259 0.22751596 0.18338323 0.14930167 0.12117473 0.096852682 0.077664481 0.064650414 0.045456764 0.01379918 0.02436016 0.053390293 0.061683454 0.055048507 0.035147955 0.003060085 0.01868733 0.050896759 0.066795077 0.069547705 0.059394096 0.042736671 0.047270357 0.071405441 0.092077049 0.10517252 0.11186564 0.11225212 0.10570792 0.094813744 0.09196569 0.10684566 0.12723748 0.13648098 0.12192813 0.074473666 0.022600157 0.042992694
0.4266572 0.43085112 0.43725655 0.44656138 0.45969057 0.47788898 0.50281423 0.53659644 0.58172096 0.6403353 0.71206733 0.78902432 0.8488982 0.85681119 0.79121873 0.67106415 0.53804026 0.42100417 0.32826914 0.25748316 0.20378271 0.16277683 0.13042348 0.10194406 0.072705293 0.045906013 0.039753968 0.03783437 0.012973706 0.022887153 0.049764484 0.058309033 0.054745975 0.043677548 0.030870733 0.037580721 0.054948666 0.066480605 0.070704221 0.06902752 0.066006726 0.069011549 0.078739818 0.089841238 0.099253928 0.10636239 0.11091703 0.11275238 0.11335066 0.11670288 0.12525945 0.13531864 0.13962216 0.1311704 0.10782852 0.086372118 0.096463087
0.43181548 0.43472866 0.43941185 0.44636057 0.45620188 0.46971224 0.48780707 0.51144869 0.54135609 0.57729638 0.61666772 0.65241317 0.67183028 0.66021405 0.61097569 0.53297282 0.44428972 0.35997856 0.28699903 0.22645889 0.1773562 0.13887106 0.10989044 0.085240302 0.054321199 0.013169656 0.010183607 0.037374711 0.040557382 0.04497442 0.053478486 0.055304962 0.051157023 0.046162332 0.045082701 0.049958322 0.058455727 0.065769884 0.069354481 0.069141239 0.067594997 0.068831316 0.074457963 0.081908213 0.089111606 0.096421869 0.10390613 0.11071153 0.11681709 0.12332495 0.13085099 0.13808877 0.1422716 0.14090871 0.13454574 0.13015381 0.13681691
0.43679396 0.43830971 0.44114429 0.445618 0.45210152 0.46099627 0.47267693 0.48735844 0.50482713 0.52396652 0.54208018 0.55430336 0.55395083 0.53484872 0.49512936 0.43921179 0.37539616 0.31135058 0.25151095 0.19732827 0.1491566 0.10914747 0.082998928 0.06998494 0.052981596 0.02634056 0.023220983 0.039749448 0.048422226 0.052809309 0.053922798 0.049722469 0.04009141 0.031294104 0.036226608 0.047127188 0.056328669 0.062764835 0.065096291 0.061786871 0.053945802 0.051301695 0.059479426 0.067583505 0.072461107 0.079960751 0.090846971 0.10152918 0.11089142 0.11962347 0.12797599 0.13531461 0.14075097 0.14396222 0.14590804 0.14915728 0.15638841
0.44188536 0.44197636 0.44296135 0.44501809 0.44832238 0.45301428 0.45913334 0.46650418 0.47455415 0.48206523 0.48693068 0.48612144 0.47619009 0.45448447 0.42058082 0.37680089 0.32716268 0.27551789 0.22417144 0.17350301 0.12258315 0.072628234 0.039611778 0.045390134 0.053379131 0.043890415 0.032542618 0.032062141 0.044544309 0.051819524 0.050820188 0.04279523 0.026590567 0.0038108249 0.019366428 0.039431871 0.051217015 0.058240991 0.05974489 0.051482505 0.028871177 0.017495153 0.039762404 0.049644021 0.04582011 0.054602871 0.072963493 0.087540918 0.098662594 0.10923054 0.1191909 0.12731716 0.13338993 0.13857085 0.14447672 0.15214314 0.16180178
0.447371 0.44608286 0.44531241 0.44513206 0.44558468 0.44665039 0.44819335 0.44988357 0.45109522 0.45080273 0.44753262 0.43947215 0.42483336 0.40244593 0.37230993 0.33570368 0.29466965 0.25113951 0.206119 0.15908531 0.10755373 0.048940813 0.0021491351 0.022470165 0.050634086 0.043766702 0.013622339 0.0070675822 0.037264779 0.049064986 0.046923752 0.037378898 0.023323383 0.011660409 0.019703791 0.034492318 0.045843826 0.053496965 0.055761103 0.04730017 0.020331329 0.0052050806 0.032793283 0.034017934 0.0091294089 0.025440113 0.056105556 0.07049841 0.080145189 0.09319601 0.10614283 0.11475801 0.11921759 0.12343931 0.13147473 0.14365306 0.15771534
0.45350714 0.45093879 0.44856984 0.44640136 0.44439494 0.44244627 0.44034856 0.4377468 0.43409054 0.42860402 0.42030744 0.40813 0.39113322 0.36879727 0.34123971 0.30921635 0.27385464 0.23622135 0.19688554 0.15558199 0.11122678 0.064516021 0.031832305 0.041153519 0.056519867 0.049699083 0.028166778 0.023802767 0.041787211 0.04828678 0.043372992 0.032508638 0.018195069 0.00050438163 0.016719641 0.029935731 0.040211136 0.048751937 0.053394387 0.050974141 0.040506836 0.035350681 0.042508386 0.034953491 0.011362154 0.025825906 0.047959658 0.046922968 0.050758152 0.071906938 0.091237971 0.098930698 0.096591421 0.094903954 0.10518063 0.12533021 0.14708003
0.46051842 0.45680345 0.45302754 0.44914768 0.44508186 0.44069079 0.43575584 0.42995622 0.42285237 0.41388815 0.402428 0.3878424 0.36963784 0.3475975 0.3218717 0.29296125 0.26158425 0.2284804 0.19425039 0.15937089 0.12471584 0.093399388 0.073154071 0.068038052 0.066305449 0.059680221 0.051049489 0.048087783 0.050292422 0.048590958 0.040254631 0.027377277 0.014922251 0.010434525 0.015892315 0.023018218 0.033177592 0.043639171 0.050935033 0.053619013 0.052376189 0.051210981 0.051710221 0.048709161 0.043044168 0.046313406 0.043241095 0.014800454 0.01426747 0.052613717 0.079500466 0.082573189 0.064429366 0.048646301 0.065089195 0.10063376 0.13377247
0.4685969 0.46388829 0.45891056 0.45359626 0.4478445 0.44150976 0.43439027 0.42621907 0.41666262 0.40533386 0.39182668 0.37577429 0.35692443 0.33521122 0.31079572 0.28405424 0.25551725 0.22579274 0.19553479 0.16554021 0.13705555 0.11214049 0.092961251 0.079094032 0.06813373 0.060610627 0.056858846 0.054971619 0.053163357 0.048432145 0.038414251 0.023269841 0.0060948033 0.0027032739 0.0093928851 0.0084675609 0.025319042 0.038675547 0.047714817 0.052544487 0.053065991 0.051144511 0.051318475 0.054774614 0.057838449 0.058389979 0.047417802 0.0187583 0.01830614 0.05330558 0.076579862 0.071869062 0.035902156 0.0040120397 0.030276665 0.081953058 0.12440574
0.47790497 0.4723641 0.46638961 0.45990251 0.45279765 0.44493767 0.43614828 0.42621674 0.41489697 0.40192442 0.38704326 0.37004505 0.35081296 0.3293605 0.30585159 0.28059452 0.25401346 0.22661495 0.19897365 0.17174989 0.14568875 0.12139268 0.098600093 0.075774807 0.05380075 0.043825293 0.047721417 0.049805531 0.049979858 0.047552949 0.039189301 0.025594214 0.011274032 0.0032746918 0.0091393867 0.0089029173 0.022644214 0.034828385 0.04387132 0.049163116 0.047122492 0.03612341 0.033110776 0.048104201 0.061425354 0.066768073 0.062908064 0.052951114 0.054497585 0.070941891 0.0827415 0.074873778 0.042482658 0.015549108 0.038120614 0.084727234 0.12500093
0.48858028 0.48237009 0.47559647 0.46817649 0.46000817 0.45096794 0.44090983 0.42966776 0.41706263 0.40291571 0.38706894 0.36941046 0.34990144 0.32859799 0.30566174 0.28135549 0.25602534 0.2300738 0.2039252 0.17796462 0.15238592 0.12682091 0.09963178 0.067165709 0.027254701 0.0092492634 0.031634081 0.03344981 0.038453837 0.04519016 0.041694502 0.031579019 0.02110081 0.015317257 0.0091388182 0.0053667334 0.021408596 0.029510243 0.038302532 0.04537164 0.041035889 0.014982124 0.0049232356 0.03789902 0.062204604 0.073679883 0.077312952 0.07771863 0.081104275 0.088693144 0.093909989 0.089309246 0.073935671 0.06316209 0.075977726 0.10497939 0.13472946
0.50074137 0.4940229 0.48663763 0.47850253 0.46952153 0.4595853 0.44857254 0.4363538 0.42279876 0.40778728 0.39122431 0.37305705 0.35329184 0.33200707 0.30935858 0.28557515 0.26094288 0.23577715 0.21037539 0.18493153 0.15937297 0.13306331 0.10433291 0.070139886 0.030021572 0.012614999 0.026930482 0.0051413965 0.019986193 0.042736272 0.044644601 0.035927243 0.021801069 0.0093586359 0.014328471 0.01504617 0.018342909 0.013189664 0.02914083 0.042843951 0.043481981 0.027366374 0.021692482 0.045478705 0.067325124 0.080375509 0.087654348 0.092276075 0.09687368 0.1020609 0.10580318 0.10559395 0.10201034 0.10124271 0.11007945 0.12750141 0.14781161
0.51449303 0.50742459 0.49960555 0.49095398 0.48137971 0.47078534 0.45906867 0.44612701 0.43186374 0.41619736 0.39907242 0.38047146 0.36042609 0.339025 0.31641662 0.29280467 0.26843465 0.24356899 0.21844561 0.19321202 0.16782844 0.14195714 0.11496528 0.086632807 0.060458983 0.04664487 0.037993132 0.018945451 0.02889608 0.046552827 0.048923767 0.040539625 0.023298796 0.0061027576 0.018612998 0.021617865 0.01638745 0.0041170982 0.026113804 0.04331357 0.050334186 0.049796362 0.051624229 0.062814796 0.076423162 0.087340789 0.095219507 0.10117752 0.10638501 0.11130438 0.11550751 0.11843514 0.12068965 0.12462172 0.13268839 0.14504557 0.15981495
0.5299309 0.52266903 0.51458699 0.50560355 0.4956327 0.4845854 0.47237251 0.45890904 0.44411996 0.42794749 0.41035945 0.39135782 0.37098646 0.34933643 0.32654771 0.30280586 0.27833265 0.2533696 0.22815343 0.20288465 0.17769875 0.15267664 0.12799863 0.10444222 0.084058017 0.068704265 0.056214769 0.047077894 0.048011073 0.053780733 0.054684494 0.048259878 0.036959033 0.02774719 0.021886935 0.013271182 0.018558817 0.023622956 0.034242397 0.046709925 0.055865867 0.061798681 0.067539138 0.075554708 0.084847474 0.093443487 0.10054483 0.10637835 0.11155232 0.11654984 0.12151978 0.12647178 0.13172108 0.13809763 0.14647909 0.15704693 0.16917029
0.547145 0.53984664 0.53166901 0.5225301 0.51234547 0.50103031 0.48850258 0.47468698 0.45952014 0.44295656 0.42497521 0.40558597 0.38483532 0.3628103 0.33964004 0.31549425 0.29057878 0.265129 0.23940315 0.2136798 0.18826638 0.16352706 0.1399303 0.11806315 0.098368234 0.080294817 0.062161042 0.045992966 0.044400609 0.054817708 0.059950036 0.056593025 0.047962814 0.036900959 0.020831315 0.0022246436 0.0096179296 0.024449565 0.037960765 0.049313811 0.058925619 0.06710298 0.07474011 0.082580237 0.090416783 0.097478407 0.10329241 0.10804924 0.11244462 0.11724643 0.12289198 0.12942565 0.13677313 0.14500267 0.15428476 0.16464539 0.17583422
