Data/TMD/tiff/2019-10-30.tif
NCOLS 85
NROWS 151
XLLCORNER 97.2937
YLLCORNER 5.5627378
DX 0.098742119
DY 0.099019249
NODATA_VALUE -9999
[rows 100 to 124 of 151, columns 0 to 56 of 85]
1.5321536 1.5984474 1.6728767 1.7569326 1.852521 1.9621639 2.0893524 2.2391766 2.4194381 2.6425069 2.9280441 3.3058961 3.8161969 4.4992987 5.361018 6.2850394 6.8350569 5.9245923 2.6918662 1.3871729 3.0424403 3.9797579 4.0205876 3.6882534 3.2666627 2.8666547 2.5213732 2.2338313 1.9970293 1.8018204 1.6397139 1.5036753 1.3881707 1.288958 1.202823 1.1273338 1.0606399 1.0013162 0.9482481 0.90054821 0.85749692 0.81850083 0.78306324 0.75076365 0.72124333 0.69419549 0.66935882 0.64651352 0.62547931 0.60611457 0.58831579 0.57201611 0.55718146 0.54380323 0.5318867 0.52143624 0.51243965
1.549058 1.6152819 1.6892944 1.7723708 1.8660761 1.9724073 2.0940833 2.2351671 2.402406 2.6080221 2.8750414 3.2458546 3.7915947 4.6123896 5.8103006 7.4119081 9.1756106 9.8683585 4.8321957 1.2755153 3.9011796 4.7188473 4.5142685 4.0109267 3.4851818 3.0233928 2.6413641 2.3316482 2.0811417 1.8771304 1.709024 1.5685561 1.4494864 1.3471846 1.2582362 1.1801146 1.1109295 1.0492423 0.99393543 0.94412229 0.89908446 0.85822923 0.82106016 0.78715658 0.75615947 0.72776149 0.70170027 0.67775379 0.65573735 0.63550138 0.61692933 0.59993492 0.5844578 0.57045711 0.55790281 0.54676554 0.53700639
1.5594629 1.6244627 1.6965878 1.7767501 1.8659217 1.9651233 2.0754697 2.1984374 2.3368319 2.4976806 2.6997517 2.9899889 3.47026 4.3190553 5.7728049 8.0713352 11.47229 16.294557 18.709236 10.252504 6.9982017 5.893128 5.0271361 4.2642638 3.6265941 3.1136862 2.7078302 2.387282 2.1322778 1.9267497 1.758333 1.6178294 1.4985537 1.3957136 1.3058851 1.226601 1.156051 1.0928728 1.036012 0.98463014 0.93804408 0.89568619 0.85707752 0.82180954 0.7895314 0.75994102 0.73277874 0.70782267 0.68488537 0.66381098 0.6444725 0.62676855 0.61061919 0.59596058 0.58273834 0.57090048 0.56039044
1.5634915 1.6262403 1.6952182 1.7708784 1.8534302 1.9425926 2.0372064 2.1347197 2.2308285 2.3205509 2.4050283 2.5151154 2.7675576 3.4340456 4.9015497 7.4767378 11.297882 15.96406 17.679201 13.033683 8.8381848 6.6290429 5.2921591 4.3521583 3.6514345 3.1192335 2.71117 2.395076 2.1468012 1.9482163 1.7859198 1.6502501 1.5344266 1.4337829 1.3451212 1.2662191 1.1954848 1.131732 1.07404 1.0216683 0.97400378 0.93052846 0.89079843 0.85442978 0.82108882 0.79048512 0.76236626 0.73651392 0.71274066 0.69088705 0.67081891 0.65242414 0.63560894 0.62029349 0.60640688 0.59388198 0.58265059
1.5614474 1.6211096 1.6859926 1.7560818 1.8308083 1.9085433 1.9856968 2.0551603 2.1038282 2.1096034 2.0420703 1.8854678 1.7344999 1.9782233 3.2286101 5.680164 8.8747368 11.808087 12.659876 10.828739 8.3438121 6.4535887 5.1474167 4.2207478 3.5415892 3.0336106 2.6486629 2.3534799 2.1236491 1.9408052 1.7913225 1.6655214 1.5568784 1.4611708 1.3756982 1.2986926 1.2289311 1.1655074 1.1077044 1.0549264 1.0066631 0.96246864 0.92195031 0.8847605 0.85059126 0.81917013 0.79025682 0.76364035 0.73913656 0.71658566 0.69584977 0.67681012 0.65936387 0.64342067 0.62889875 0.61572112 0.60381212
1.5537541 1.6097078 1.6698927 1.733913 1.8005868 1.8672472 1.9284475 1.9735593 1.9824091 1.9180449 1.7187816 1.311226 0.73683173 0.50489663 1.5132322 3.7431854 6.2442926 8.1559662 8.8213833 8.1826113 6.9250376 5.6839632 4.676751 3.9031488 3.3148974 2.8672705 2.5261551 2.265524 2.0644175 1.9055543 1.7753891 1.6643599 1.5664559 1.478232 1.3977923 1.3240538 1.256318 1.1940567 1.1368187 1.0841934 1.0357991 0.99128086 0.95031018 0.91258551 0.87783201 0.84580096 0.81626868 0.78903535 0.76392341 0.74077595 0.71945473 0.69983796 0.68181782 0.66529765 0.65018909 0.63640917 0.62387778
1.5408843 1.5926987 1.6478781 1.7058057 1.7649905 1.8223139 1.8716397 1.9012309 1.8890138 1.794521 1.549209 1.067535 0.3812435 0.019709216 0.84608151 2.6512007 4.4767754 5.7610691 6.2900625 6.1091104 5.4968217 4.7576505 4.0674687 3.4854766 3.0153651 2.6440202 2.3563193 2.1376758 1.9726315 1.8449191 1.7401832 1.6484936 1.5644857 1.4858902 1.4119863 1.3426276 1.2777875 1.2173986 1.1613208 1.1093554 1.0612667 1.0168022 0.97570668 0.93773142 0.90264029 0.87021281 0.84024581 0.81255391 0.78696927 0.7633408 0.74153293 0.72142406 0.70290464 0.68587514 0.67024386 0.65592478 0.64283564
1.5232991 1.5706737 1.620721 1.67279 1.7254249 1.7757061 1.8180805 1.8423119 1.8300518 1.7499507 1.5549399 1.2024745 0.76181097 0.61262322 1.2186948 2.3832675 3.5278002 4.3253525 4.6863978 4.6515649 4.3467813 3.9168506 3.4672504 3.0523721 2.6924384 2.3927474 2.154814 1.9776018 1.8525074 1.7623352 1.6889431 1.6206905 1.5530604 1.4855897 1.419214 1.3549836 1.2936616 1.2356894 1.1812575 1.130387 1.0829933 1.0389302 0.99801894 0.96006746 0.92488143 0.89227168 0.86205832 0.83407307 0.80816036 0.78417745 0.76199403 0.74149128 0.72256068 0.70510252 0.68902431 0.67423922 0.66066465
1.5014101 1.5440943 1.5889194 1.6353607 1.682279 1.7274451 1.7667561 1.7930228 1.7943745 1.7531812 1.6495509 1.4817158 1.3208737 1.3559825 1.7475327 2.3855657 3.009209 3.4493893 3.6564834 3.6510018 3.4895338 3.237752 2.9497218 2.6599403 2.3866211 2.1410863 1.9375012 1.7925262 1.708356 1.6625354 1.6265331 1.5849444 1.5350122 1.4791934 1.4206582 1.3618574 1.3043864 1.2491862 1.1967604 1.1473357 1.1009691 1.057616 1.0171726 0.97950297 0.94445541 0.91187338 0.88160192 0.85349164 0.82740108 0.80319781 0.78075882 0.75997025 0.74072675 0.72293053 0.70649031 0.69132023 0.67733876
1.4755716 1.5132879 1.5527053 1.5935236 1.6350769 1.6760552 1.7140807 1.7451714 1.7633711 1.7615142 1.7355804 1.6965475 1.688102 1.7831569 2.0214388 2.3471034 2.6529031 2.8638943 2.9592888 2.9512499 2.8625216 2.7164825 2.5347683 2.3344572 2.1253647 1.9146969 1.722842 1.5922575 1.5480089 1.5545581 1.5609129 1.5467767 1.513774 1.4687775 1.4175884 1.3640409 1.3104611 1.2582011 1.2080163 1.1603016 1.1152335 1.0728562 1.0331339 0.9959833 0.96129394 0.9289416 0.8987966 0.87072927 0.84461342 0.82032829 0.79775967 0.77680024 0.75734947 0.73931315 0.72260277 0.7071348 0.69282993
1.4461035 1.4784933 1.5121321 1.5469678 1.582838 1.6193539 1.655719 1.690529 1.7217797 1.7476657 1.7691201 1.7944329 1.8424736 1.9349217 2.073898 2.2282006 2.3531831 2.4242358 2.4467714 2.4364676 2.3969447 2.3224437 2.2136996 2.079247 1.9228436 1.7399436 1.5438189 1.4068095 1.3980716 1.4593524 1.5048613 1.5129301 1.4928363 1.4562511 1.4111349 1.3622515 1.3123611 1.263053 1.2152361 1.1694173 1.125861 1.0846819 1.0459019 1.0094843 0.97535652 0.94342493 0.91358442 0.885725 0.85973613 0.83550944 0.81294049 0.7919296 0.77238225 0.75420905 0.73732543 0.72165125 0.7071103
1.4133374 1.4399402 1.4672099 1.4952933 1.52446 1.5551204 1.5877924 1.6229935 1.6611183 1.7025366 1.7482468 1.8008884 1.8643435 1.9391757 2.0150556 2.0693105 2.0806103 2.0523856 2.0209526 2.0201939 2.0351836 2.0224697 1.9652561 1.879224 1.7751438 1.6366367 1.4558828 1.3151734 1.3241866 1.4117895 1.4726783 1.48894 1.4745544 1.44282 1.4020422 1.3570085 1.3104687 1.264026 1.2186266 1.1748275 1.1329462 1.0931481 1.0555005 1.0200061 0.98662573 0.9552934 0.92592699 0.89843535 0.87272331 0.84869508 0.82625638 0.80531587 0.78578582 0.76758248 0.75062608 0.73484066 0.72015384
1.3776755 1.3979492 1.4180632 1.4382428 1.4590332 1.4814593 1.5071475 1.5382755 1.5771882 1.6256493 1.6839942 1.7504676 1.8203232 1.8836554 1.9224757 1.9114053 1.8301629 1.6961006 1.5966804 1.6248486 1.7333837 1.7932607 1.764435 1.7015341 1.6510854 1.587495 1.4755723 1.3717953 1.3690084 1.4262036 1.4669945 1.4748999 1.4588301 1.4285524 1.3905071 1.3485622 1.3050349 1.2613431 1.2183715 1.1766742 1.1365922 1.098324 1.0619708 1.0275672 0.99510239 0.96453464 0.93580246 0.90883207 0.88354288 0.85985126 0.83767312 0.81692567 0.79752842 0.77940378 0.76247734 0.74667792 0.73193745
1.3396509 1.3530352 1.365097 1.3759422 1.3861286 1.3970111 1.4111503 1.4325407 1.4661522 1.5162741 1.5839201 1.6646405 1.7477123 1.8156217 1.8421398 1.7902892 1.6195831 1.3334286 1.0969098 1.1795682 1.4737642 1.6338893 1.5877446 1.4952721 1.4979314 1.5359438 1.5183575 1.4706393 1.4532763 1.4642001 1.4720264 1.464397 1.4430363 1.4124277 1.3762184 1.3369117 1.2961826 1.2551628 1.2146235 1.1750876 1.1369016 1.1002848 1.0653638 1.0321984 1.0008008 0.97115005 0.94320252 0.91689988 0.89217478 0.86895501 0.84716628 0.82673424 0.80758575 0.78964965 0.77285721 0.75714238 0.74244179
1.2999737 1.3059988 1.309162 1.3091726 1.3061814 1.301345 1.2977442 1.3014448 1.3216873 1.3683661 1.4462262 1.5494231 1.6611475 1.7563911 1.8011411 1.745297 1.5170909 1.0674464 0.6150235 0.76134129 1.3244375 1.5791727 1.4340833 1.2306449 1.3029728 1.4676066 1.5295457 1.5202659 1.4989074 1.4834719 1.4687159 1.4491337 1.4235612 1.39292 1.3586008 1.321913 1.2839538 1.245596 1.2075079 1.170183 1.1339708 1.0991059 1.0657349 1.0339374 1.0037443 0.97515119 0.94812948 0.92263403 0.89860918 0.875993 0.85472033 0.83472489 0.81594073 0.79830315 0.78174924 0.76621828 0.75165181
1.2595445 1.257975 1.2516836 1.2396588 1.2210551 1.1958804 1.1665688 1.1407785 1.1342107 1.1684558 1.258488 1.3978829 1.5597697 1.7097713 1.8101091 1.8088641 1.6259766 1.1896221 0.71268041 0.88470572 1.4947863 1.7050224 1.4314508 1.1238403 1.2405805 1.4595417 1.5356784 1.5272597 1.4983239 1.4710506 1.4471005 1.42337 1.3975236 1.368725 1.3371443 1.3034323 1.2683795 1.2327359 1.1971326 1.1620622 1.127887 1.0948583 1.0631393 1.0328253 1.0039615 0.97655652 0.95059352 0.92603819 0.90284473 0.8809602 0.86032765 0.84088831 0.82258309 0.80535355 0.78914262 0.77389492 0.75955705
1.2194135 1.2103965 1.1946715 1.1702462 1.13466 1.0854324 1.0219308 0.95059217 0.89446336 0.89765559 1.000565 1.1963833 1.4353021 1.6680082 1.8602862 1.9769755 1.9669877 1.7961163 1.6156979 1.7801907 2.113858 2.1209266 1.7890059 1.4858704 1.4835611 1.5556777 1.5456836 1.4970309 1.4536975 1.4244703 1.4036055 1.384568 1.3635818 1.3392748 1.3116833 1.2814849 1.2495447 1.216686 1.183598 1.1508146 1.1187265 1.087605 1.0576279 1.0289023 1.0014832 0.97538865 0.95061041 0.92712246 0.90488696 0.88385857 0.86398754 0.84522188 0.82750887 0.81079608 0.79503208 0.7801668 0.76615186
1.1806751 1.1648312 1.1404973 1.1046907 1.0530786 0.97963367 0.8775546 0.74563603 0.60891416 0.54796526 0.66206313 0.94304826 1.2870578 1.6216102 1.9277855 2.2040693 2.4465492 2.6594214 2.887308 3.137918 3.1989729 2.9108908 2.4388719 2.0425162 1.8128178 1.6489353 1.499025 1.3960068 1.3507835 1.3393789 1.337491 1.3330233 1.3222241 1.3050054 1.28255 1.25631 1.2276198 1.1975706 1.1669986 1.1365153 1.1065512 1.0773981 1.0492447 1.0222051 0.99633988 0.97167223 0.94819955 0.92590169 0.90474687 0.88469594 0.86570528 0.84772892 0.83071995 0.81463158 0.79941771 0.78503348 0.77143546
1.1443134 1.1227 1.0913836 1.046777 0.98326095 0.89184639 0.75891649 0.56989038 0.3378008 0.18111328 0.30310154 0.69046619 1.1435267 1.5706943 1.9838291 2.4251682 2.9488935 3.6174033 4.4287126 5.0569934 4.9004621 4.0668839 3.1956483 2.5296239 2.0210693 1.6006787 1.293662 1.1643189 1.170031 1.2156912 1.2532307 1.2726463 1.275993 1.2673952 1.250558 1.2283428 1.2028367 1.1755179 1.1474121 1.1192183 1.0914043 1.0642755 1.0380244 1.0127655 0.98855997 0.96543236 0.94338263 0.92239423 0.90243978 0.88348495 0.86549127 0.84841801 0.83222351 0.8168661 0.80230478 0.78849959 0.77541192
1.11105 1.0849682 1.0487483 0.99889118 0.92991489 0.83276405 0.69238267 0.48783548 0.21794526 0.0087592504 0.13334803 0.56913052 1.0587666 1.5218763 1.9979163 2.5635701 3.3357862 4.4929877 6.1793639 7.7891004 7.3629001 5.3472946 3.8408784 2.8845432 2.0835541 1.3496396 0.83495498 0.75732339 0.92442094 1.0750904 1.1654837 1.2116745 1.2292161 1.2286214 1.2167571 1.1980651 1.1754049 1.1506145 1.1248753 1.0989446 1.0733048 1.0482585 1.0239908 1.000609 0.97816919 0.95669379 0.93618266 0.916621 0.89798435 0.88024217 0.86336024 0.84730235 0.83203145 0.81751059 0.8037034 0.79057459 0.77809016
1.0812675 1.0519769 1.0127909 0.96091667 0.89239874 0.80140072 0.67931648 0.5161874 0.31947417 0.18459486 0.29665603 0.63668199 1.0417064 1.4637784 1.9355937 2.5367513 3.4201973 4.8645991 7.2434939 10.040197 9.4015224 5.8334048 4.0605478 3.1396708 2.1119433 1.0383118 0.22076618 0.29936836 0.73066033 0.97236523 1.0974637 1.1603242 1.1864727 1.1906857 1.1819613 1.1657609 1.1453879 1.1228462 1.0993581 1.0756714 1.0522434 1.029351 1.0071576 0.98575535 0.96519073 0.9454808 0.92662361 0.90860479 0.8914019 0.87498738 0.85933055 0.84439906 0.83015995 0.81658041 0.80362834 0.79127271 0.77948387
1.0550548 1.0235402 0.98268332 0.93055308 0.86501936 0.78411799 0.68724628 0.57882752 0.47845087 0.43729456 0.51850414 0.72384929 1.0129089 1.360377 1.7697392 2.2938048 3.0717593 4.3540177 6.3593662 8.3789714 7.6302031 4.7725093 3.909204 3.3793657 2.2298605 1.0878838 0.32575389 0.44167688 0.77307569 0.95307045 1.0645761 1.1246291 1.1500148 1.1542508 1.1462106 1.1312682 1.1125943 1.0920534 1.0707472 1.0493288 1.0281849 1.0075423 0.98753082 0.96822097 0.94964645 0.93181773 0.91473034 0.89836997 0.88271581 0.86774286 0.85342348 0.83972866 0.82662891 0.81409504 0.80209868 0.79061269 0.77961145
1.0323487 0.99926602 0.95730887 0.90507497 0.84139512 0.76597001 0.68072122 0.59230129 0.51566715 0.47719439 0.51474497 0.65904247 0.89830901 1.1914492 1.5067734 1.8546318 2.3404475 3.1775379 4.4114168 5.3858431 5.0926102 4.1067607 3.8671076 3.3658134 2.2906128 1.3466708 0.90208359 0.89474263 0.90375676 0.98562312 1.0597744 1.1017057 1.1178846 1.1178591 1.1084567 1.0938654 1.076545 1.0579296 1.0388559 1.0198112 1.0010775 0.98281554 0.96511481 0.94802226 0.93155904 0.91572991 0.90052879 0.88594206 0.87195086 0.85853265 0.84566253 0.83331431 0.8214614 0.81007758 0.79913763 0.78861778 0.77849601
1.0130873 0.97889312 0.93602568 0.88313063 0.81889907 0.74221762 0.65218666 0.54769678 0.42823084 0.31167746 0.28790026 0.44702839 0.71338053 0.98586709 1.1991833 1.3061716 1.3845073 1.7839003 2.6657916 3.4786408 3.7273468 3.6008287 3.4123023 2.9277111 2.1702526 1.4806264 1.0613823 0.94268645 0.97463537 1.0266594 1.0636276 1.0811874 1.0842023 1.0781086 1.0667182 1.0523941 1.0365632 1.0200836 1.0034656 0.98700576 0.9708725 0.95515992 0.93991999 0.92518055 0.91095455 0.89724472 0.88404602 0.87134728 0.85913242 0.84738164 0.83607253 0.82518118 0.81468315 0.80455445 0.79477227 0.78531555 0.77616543
0.99728845 0.96243801 0.9189341 0.86519835 0.79930492 0.71864226 0.61898437 0.49247945 0.32641691 0.12623757 0.037921002 0.24240995 0.54293944 0.79922311 0.92849265 0.80663611 0.46096462 0.54535034 1.4251554 2.3079071 2.7658629 2.8747014 2.7557208 2.4281165 1.9702341 1.5332078 1.2283043 1.0889003 1.0571476 1.0555792 1.0544672 1.0494648 1.0412648 1.0307877 1.0187149 1.0056158 0.99197332 0.97815244 0.96439233 0.95083232 0.93754897 0.92458605 0.91197194 0.89972681 0.88786442 0.87639193 0.86530968 0.85461147 0.84428529 0.8343144 0.82467859 0.81535549 0.80632188 0.79755496 0.78903337 0.78073798 0.77265243
