Data/TMD/tiff/2019-10-31.sdat
NCOLS 85
NROWS 151
XLLCORNER 97.2937
YLLCORNER 5.5627378
DX 0.098742119
DY 0.099019249
NODATA_VALUE -9999
[rows 125 to 149 of 151, columns 0 to 56 of 85]
0.66922988 0.647356 0.61954309 0.58450551 0.54055467 0.48535039 0.41553803 0.32662524 0.21506087 0.092052308 0.041152156 0.14942971 0.30823072 0.46593953 0.53816314 0.41134024 0.094426658 0.092075642 0.65297368 1.2290936 1.5931542 1.7640828 1.7712773 1.6419661 1.4367891 1.2306986 1.0728003 0.97211862 0.90897551 0.8644341 0.83193796 0.80872996 0.79145593 0.77711507 0.76394399 0.75122888 0.73878678 0.72659948 0.71466317 0.70296269 0.69148451 0.68022767 0.66920401 0.65843218 0.64793077 0.63771369 0.62778796 0.61815344 0.60880347 0.59972608 0.59090537 0.58232301 0.57395965 0.56579633 0.55781553 0.55000202 0.54234336
0.66684111 0.64536706 0.61809992 0.58373941 0.54060383 0.48655404 0.41918863 0.33713546 0.2443801 0.15858456 0.10567569 0.11104566 0.23223567 0.39783241 0.49382148 0.45164599 0.31976855 0.35774989 0.66676839 1.0079502 1.2449584 1.3621761 1.3751314 1.3113778 1.2057497 1.0896907 0.98342407 0.89533853 0.8269568 0.77941799 0.75196565 0.73842403 0.73094791 0.72453353 0.71741077 0.70949524 0.70113145 0.69257284 0.68391487 0.67517513 0.66636582 0.65752129 0.64869436 0.63994241 0.63131575 0.6228519 0.61457442 0.60649427 0.59861183 0.59091916 0.58340216 0.57604283 0.56882138 0.56171823 0.55471565 0.54779893 0.54095705
0.66672038 0.64620154 0.6202398 0.58765007 0.54695843 0.49642588 0.43431784 0.35966536 0.27294889 0.17189998 0.049515012 0.011272914 0.16764982 0.35985019 0.47860735 0.50878393 0.50301808 0.5537526 0.69283837 0.86185173 0.99568422 1.0607964 1.0604607 1.0228102 0.97232476 0.91259098 0.83873545 0.7548255 0.67992774 0.63828207 0.63340061 0.64595226 0.65830081 0.66452247 0.66542985 0.66327416 0.65964321 0.65524544 0.65028285 0.64480004 0.63885423 0.63254899 0.62601031 0.61935674 0.61268267 0.60605462 0.59951442 0.59308416 0.58677051 0.58056825 0.57446329 0.5684358 0.56246327 0.55652342 0.55059659 0.54466736 0.53872543
0.66874651 0.64971101 0.62576909 0.59593818 0.55904684 0.51376639 0.45871247 0.39247386 0.31289793 0.21618495 0.11453412 0.094535423 0.21612253 0.37242407 0.47253099 0.50569651 0.50533012 0.52089859 0.58966397 0.69896059 0.78934173 0.81399078 0.77991907 0.7409909 0.73345052 0.72778205 0.67853413 0.57786935 0.47186868 0.43698392 0.48036813 0.54026062 0.58079918 0.60112 0.60974047 0.61321348 0.61461977 0.61485532 0.61399285 0.61202323 0.60907283 0.60537092 0.60116341 0.59665559 0.59199488 0.58727746 0.58256162 0.57787878 0.57324032 0.56864183 0.56406673 0.5594903 0.5548841 0.55022024 0.5454748 0.54063013 0.53567588
0.67268227 0.65556556 0.63420945 0.60787857 0.57575006 0.53695778 0.49067231 0.43620767 0.37343218 0.30576558 0.25172738 0.25282381 0.32494333 0.41623482 0.46717008 0.45298219 0.3820168 0.31888796 0.37132685 0.51433015 0.61617088 0.60503045 0.50263593 0.43016617 0.48043009 0.55848398 0.54206115 0.40300816 0.22218255 0.1899396 0.31855226 0.44300317 0.50974639 0.53841076 0.55115406 0.55925673 0.56608831 0.57164086 0.57535094 0.5770869 0.57715215 0.57601959 0.57412366 0.57177812 0.5691803 0.56644663 0.56364486 0.56081251 0.55796416 0.55509434 0.55218078 0.54918955 0.54608166 0.54281947 0.53937174 0.53571672 0.53184333
0.67820212 0.66330735 0.64490055 0.62249986 0.59563309 0.56391729 0.52721466 0.48597429 0.44213822 0.40143942 0.37656923 0.38322162 0.42069588 0.46017576 0.46158154 0.3902488 0.23210617 0.077110817 0.13982289 0.36188806 0.49780247 0.45174258 0.25246627 0.11092441 0.24065285 0.43444696 0.46774664 0.30932493 0.063417769 0.029685487 0.22911921 0.38716106 0.45380055 0.47588807 0.48722712 0.49986603 0.51376118 0.52597424 0.53482319 0.54028278 0.5431756 0.54443884 0.54477352 0.54459491 0.54411734 0.54345121 0.54266227 0.54179268 0.5408616 0.53986184 0.53876139 0.53751073 0.53605337 0.53433603 0.53231611 0.5299657 0.52727255
0.68493261 0.672419 0.65711317 0.6387583 0.6171807 0.5923907 0.56476673 0.53539908 0.50670734 0.48323843 0.47146167 0.47583778 0.49114027 0.49853899 0.46997098 0.37515357 0.202755 0.044855349 0.10460653 0.32452668 0.4569999 0.39881202 0.17411217 0.010869124 0.16656642 0.40596347 0.47631123 0.36358698 0.17827211 0.1476711 0.28371855 0.38120994 0.40450467 0.40271561 0.41051452 0.43229443 0.45778056 0.47884028 0.49316573 0.50187696 0.50704477 0.51037316 0.51284512 0.51488295 0.51662867 0.51814149 0.51947752 0.52069306 0.52182154 0.52285612 0.52374902 0.52442464 0.52479818 0.5247922 0.52434759 0.52342829 0.52202125
0.69249372 0.68238884 0.67015112 0.65569747 0.63906447 0.62050091 0.60061248 0.58056998 0.56233663 0.54866155 0.54220423 0.54314686 0.54605603 0.53855721 0.50345341 0.4251548 0.30922654 0.22249411 0.26503206 0.40189866 0.49125054 0.45573296 0.3184202 0.2292028 0.330664 0.49736161 0.56229427 0.50805262 0.41151787 0.37333082 0.38902792 0.37935129 0.33353051 0.29769607 0.31069836 0.35582624 0.40077893 0.43253284 0.45136489 0.46179378 0.46818664 0.47319823 0.47786189 0.48232718 0.48649876 0.4903395 0.49391807 0.49734384 0.50069055 0.50395616 0.50706508 0.50989686 0.51232082 0.51422327 0.5155226 0.51617353 0.51616428
0.70053255 0.69276022 0.68342339 0.67255551 0.66031319 0.64704212 0.63335982 0.62023366 0.6089808 0.60102179 0.59715556 0.59631459 0.59435197 0.58394256 0.55661532 0.50821883 0.44985394 0.41740436 0.44723382 0.52111158 0.57687654 0.57442135 0.52948163 0.51225561 0.57591031 0.67029314 0.71217501 0.67922989 0.60423959 0.52551579 0.4442945 0.34443371 0.22554064 0.14424664 0.18831563 0.28060642 0.35056941 0.39061424 0.40981524 0.41880078 0.42505343 0.43174827 0.4391583 0.44659837 0.45353595 0.4598635 0.46576861 0.4715105 0.47725182 0.48299541 0.48860922 0.49389247 0.4986405 0.50268727 0.50592321 0.50829552 0.50979909
0.70874482 0.70315889 0.69647666 0.68879907 0.68033392 0.6714335 0.66262723 0.65462371 0.64822987 0.64411086 0.64233875 0.64181981 0.63993967 0.63295665 0.61767568 0.59476866 0.57296323 0.56902231 0.59545701 0.64386517 0.68970634 0.7163925 0.73182783 0.76353564 0.82717423 0.89694815 0.92509585 0.88293439 0.77409659 0.621477 0.45273986 0.29376333 0.13913473 0.0043484376 0.10231124 0.23723197 0.31856007 0.35526325 0.36610873 0.36906629 0.3745732 0.38437399 0.3961381 0.40757374 0.4176874 0.4265497 0.43473804 0.44284529 0.45118787 0.45974552 0.46826137 0.47638907 0.48380777 0.49028099 0.49567019 0.499923 0.50305218
0.71688371 0.71329934 0.70899317 0.70409874 0.69883361 0.69351594 0.68856824 0.6844899 0.6817719 0.68072996 0.68126674 0.68265352 0.68352465 0.68233213 0.67843766 0.67371688 0.67374561 0.68645041 0.71690561 0.76233279 0.81443247 0.868194 0.92816948 1.0047487 1.0993998 1.1895721 1.2294217 1.1690443 0.98586143 0.71357433 0.4340009 0.22177766 0.11426229 0.088358483 0.14935008 0.24802636 0.30777743 0.32198172 0.31182016 0.30464936 0.31232854 0.32979956 0.34898679 0.36571415 0.37915666 0.39021336 0.40035461 0.41078759 0.42202334 0.43390474 0.44590039 0.45740764 0.46793522 0.47716492 0.48494086 0.49123104 0.49608616
0.72475883 0.72297661 0.72076769 0.71827723 0.7157133 0.71335129 0.71152578 0.71059983 0.71090191 0.71262977 0.71574523 0.71992311 0.72465401 0.72959813 0.7352037 0.74339473 0.75780286 0.78285862 0.82179056 0.87522886 0.94247103 1.024886 1.1281027 1.2594292 1.4187946 1.5840345 1.6939217 1.6446731 1.3491016 0.86667979 0.40566032 0.12522385 0.00029243139 0.12591939 0.22090613 0.28431129 0.3059302 0.2780248 0.23160397 0.21473692 0.23574296 0.26963214 0.29979812 0.32238296 0.33835906 0.35043643 0.36172254 0.3743952 0.38906611 0.40512184 0.42146506 0.43707663 0.451249 0.46359875 0.4739911 0.48245339 0.48910585
0.73222917 0.7320509 0.73167773 0.73125591 0.73097858 0.7310849 0.73185001 0.73356171 0.73648256 0.74080397 0.74661313 0.75391059 0.76272454 0.77335091 0.78668901 0.80454117 0.82964956 0.86530143 0.91470314 0.98081847 1.067323 1.1804325 1.33035 1.5306315 1.7931155 2.1124442 2.4245493 2.5294112 2.1167616 1.2179939 0.42371274 0.046176495 0.094754295 0.19924193 0.28618957 0.32489391 0.302403 0.21618928 0.11788255 0.1001201 0.1545546 0.21204336 0.25294934 0.27952981 0.29548463 0.30605672 0.3170957 0.33215136 0.35143486 0.37313359 0.39510406 0.41574894 0.43416499 0.44998516 0.46317767 0.47389207 0.48236107
0.73919362 0.74043091 0.74165619 0.74301271 0.74467991 0.74687152 0.749828 0.75380276 0.75904413 0.76578019 0.7742211 0.78459944 0.79726799 0.81285962 0.83248214 0.85788244 0.89150297 0.93642227 0.9963403 1.0759349 1.1818914 1.3246629 1.5208168 1.7958297 2.1867029 2.7387852 3.464288 4.1349241 3.8587182 2.1059039 0.49236249 0.011361873 0.22194095 0.32239986 0.37401436 0.37305659 0.30544858 0.17045449 0.030089157 0.018182607 0.10312582 0.16898677 0.21214138 0.23844024 0.24970729 0.25437861 0.26341805 0.28202653 0.30843016 0.33816515 0.36747089 0.39417844 0.41737975 0.43690988 0.4529716 0.46591837 0.47614252
0.74558173 0.7480595 0.75067054 0.75355416 0.75687956 0.76084462 0.76567216 0.77160433 0.77889779 0.78782572 0.79869561 0.81189372 0.82796426 0.84772217 0.8723852 0.90370068 0.94405406 0.99659486 1.0654995 1.1565714 1.2784176 1.444492 1.6765227 2.0105157 2.5076857 3.2722501 4.4551425 6.0278797 6.5157398 3.8165916 1.2318941 0.45227252 0.45613648 0.48891188 0.48167853 0.43241009 0.33286882 0.1940947 0.074259855 0.055851448 0.095361606 0.13464879 0.1757329 0.19929827 0.19879673 0.19076863 0.19681643 0.22272792 0.26077281 0.30175957 0.34016199 0.37371163 0.40193639 0.42515233 0.44394844 0.45895773 0.47076729
0.75134589 0.75490285 0.75870885 0.76289958 0.76763705 0.7731099 0.77953302 0.78714769 0.79622484 0.80707555 0.82007442 0.83570164 0.85460752 0.87769892 0.90624312 0.94198528 0.98728969 1.0453469 1.1205359 1.2190855 1.3502409 1.5282686 1.7759264 2.1306523 2.6555392 3.4552203 4.6677872 6.2096333 6.7018108 4.5066137 2.165422 1.1375477 0.81219478 0.68683108 0.59805092 0.50072135 0.38150614 0.25255824 0.14782718 0.078529165 0.044632834 0.086148197 0.14359455 0.16403336 0.141046 0.11214146 0.11760395 0.15802565 0.21312553 0.26787912 0.31607869 0.35634865 0.38918857 0.41563106 0.4367398 0.4534526 0.46655187
0.75645542 0.76094313 0.76577168 0.77107348 0.7770053 0.78375 0.79151856 0.80055393 0.81113846 0.82360794 0.83837576 0.85597046 0.877089 0.90266675 0.93396463 0.97267774 1.0210805 1.0822422 1.160375 1.261405 1.3939003 1.5705472 1.8104393 2.1423656 2.6081026 3.2580065 4.1025546 4.9146527 4.958939 3.8040824 2.4132385 1.5362197 1.0945961 0.86082136 0.70477442 0.57005038 0.43605461 0.30279554 0.17601244 0.055545648 0.001894443 0.061371572 0.13057403 0.13911362 0.085173361 0.033786078 0.04442926 0.10374629 0.17625161 0.24313763 0.29916217 0.34445096 0.38058345 0.40925968 0.4319413 0.44980403 0.46377488
0.76089246 0.76617392 0.77186778 0.77810306 0.78503199 0.79283258 0.8017123 0.81191371 0.82372373 0.83748831 0.85363494 0.87270486 0.89539687 0.92262414 0.95558616 0.99586131 1.0455316 1.1073608 1.1850577 1.2836641 1.4101037 1.573892 1.7878516 2.0681256 2.4309913 2.8790334 3.3606355 3.6990599 3.6109887 3.0223499 2.260376 1.6455222 1.2390309 0.97581197 0.78788645 0.63334804 0.49182923 0.35660579 0.22768176 0.11769887 0.072157744 0.10560007 0.14783904 0.1349231 0.063589869 0.0044988794 0.0183875 0.084819488 0.16337434 0.23436736 0.29302445 0.34000974 0.37727176 0.40673519 0.42999444 0.44830367 0.46263666
0.76464925 0.77059767 0.77701229 0.78401826 0.79176286 0.80041857 0.81018749 0.82130765 0.83406238 0.84879404 0.86592355 0.88597692 0.9096201 0.93770321 0.97131607 1.0118583 1.0611295 1.1214478 1.1958027 1.2880393 1.4030378 1.5467664 1.7258742 1.9459995 2.2069808 2.4919608 2.749276 2.8815889 2.7863463 2.4575586 2.0177179 1.6047097 1.2783556 1.0335985 0.84436821 0.68740101 0.54836621 0.42136518 0.30814743 0.22089963 0.17901211 0.18022686 0.18660235 0.15914904 0.096982432 0.048873323 0.05749489 0.11134801 0.17965751 0.24420704 0.29906535 0.3438055 0.37971199 0.40834112 0.43108349 0.44907712 0.46322682
0.76772639 0.77422422 0.7812262 0.78885274 0.79724507 0.80656854 0.81701706 0.82881924 0.84224695 0.85762715 0.87535778 0.89592844 0.91994645 0.94816885 0.98154068 1.0212403 1.0687314 1.1258203 1.1947072 1.2780056 1.3786631 1.4996405 1.6430628 1.8083314 1.9885087 2.1647497 2.3012482 2.3491223 2.2696119 2.0669192 1.7928674 1.5108461 1.2602705 1.0514169 0.87832757 0.73108765 0.60207382 0.48811225 0.39112745 0.31768012 0.27363492 0.25329272 0.23702467 0.20601085 0.16163786 0.12931673 0.13215853 0.16734808 0.21765871 0.26927971 0.31570907 0.35506773 0.38750872 0.41386598 0.43509205 0.45205967 0.46551004
0.7701317 0.77707007 0.7845363 0.79264496 0.80152985 0.81134719 0.82227967 0.83454188 0.84838753 0.86411884 0.88209869 0.90276546 0.92665093 0.95440062 0.986796 1.0247768 1.0694593 1.1221438 1.1842926 1.2574483 1.3430277 1.4418882 1.5535022 1.6745535 1.7969112 1.9055443 1.9782819 1.9906096 1.9267762 1.7910558 1.6078732 1.4086923 1.2175846 1.0459916 0.89572791 0.76427661 0.6487754 0.54810523 0.46349743 0.3975573 0.35111719 0.31948049 0.29286358 0.26312791 0.23182447 0.21063028 0.21045712 0.23138119 0.26516405 0.30304579 0.33946805 0.37189204 0.39958583 0.4226794 0.44163834 0.45701344 0.46933474
0.77187936 0.77915787 0.78697519 0.79543892 0.80467404 0.81482571 0.82606266 0.8385817 0.85261323 0.86842822 0.88634654 0.90674666 0.93007605 0.95686166 0.98771847 1.0233533 1.0645586 1.1121861 1.1670849 1.2299757 1.3012202 1.3804271 1.4658379 1.5534836 1.6362732 1.7035297 1.7419312 1.7387854 1.6871979 1.5902398 1.460507 1.3147939 1.1677975 1.0287839 0.90181278 0.78776435 0.68643284 0.59788073 0.52284643 0.46213955 0.4152221 0.37905762 0.34889452 0.3213129 0.29729066 0.28189792 0.27990958 0.29165902 0.31325903 0.33961087 0.36667412 0.39203398 0.41456175 0.43391656 0.4501697 0.46357778 0.47446105
0.77298928 0.7805159 0.78858105 0.79728434 0.80674068 0.81708255 0.82846267 0.84105731 0.85507026 0.87073731 0.88833139 0.90816758 0.93060756 0.95606214 0.98498967 1.0178871 1.0552683 1.0976211 1.1453307 1.1985515 1.2570049 1.3196843 1.3844646 1.447672 1.503776 1.5455165 1.5648592 1.55495 1.5125656 1.4397782 1.3435927 1.2335772 1.1189244 1.0065157 0.90051785 0.8030409 0.71510355 0.637371 0.57041633 0.51447456 0.46891784 0.43199833 0.40142748 0.37572543 0.35534963 0.34239075 0.33877802 0.34455448 0.35770694 0.37528035 0.39454357 0.41353862 0.43110372 0.44667602 0.46007424 0.4713336 0.48059873
0.77348638 0.78117753 0.78939722 0.79823627 0.80779862 0.81820291 0.8295845 0.8420976 0.85591769 0.87124401 0.88830179 0.9073437 0.92864972 0.95252396 0.97928646 1.0092569 1.0427258 1.079907 1.1208635 1.1653978 1.2128983 1.2621431 1.3110818 1.3566529 1.3947507 1.420499 1.4289661 1.4162891 1.3808792 1.3241366 1.2502154 1.1648883 1.0740886 0.98279825 0.89460666 0.81183809 0.73594033 0.66784378 0.60812406 0.5569471 0.51392847 0.47814842 0.44850655 0.42431659 0.40571976 0.39349258 0.38829199 0.38992157 0.39717793 0.40826689 0.42136621 0.43499564 0.44813153 0.46016003 0.47077235 0.47986186 0.48744452
0.77339989 0.78118047 0.78947145 0.79835438 0.80792159 0.81827736 0.82953906 0.84183836 0.85532234 0.87015422 0.88651346 0.90459449 0.92460347 0.94675155 0.97124307 0.99825622 1.0279131 1.0602354 1.0950812 1.1320607 1.1704305 1.2089754 1.2459017 1.2787855 1.3046424 1.3201889 1.3223281 1.3087966 1.2787824 1.233253 1.1748122 1.107121 1.0341326 0.9594446 0.88594801 0.81577229 0.75040683 0.69085649 0.63773714 0.5912933 0.55139682 0.51762192 0.48944993 0.46653661 0.44886716 0.43665147 0.42999846 0.42859785 0.43163026 0.43793064 0.44625852 0.45551911 0.46487122 0.473739 0.48177123 0.48878474 0.49471167
