Data/TMD/tiff/2019-10-31.sdat
NCOLS 85
NROWS 151
XLLCORNER 97.2937
YLLCORNER 5.5627378
DX 0.098742119
DY 0.099019249
NODATA_VALUE -9999
[rows 0 to 24 of 151, columns 0 to 56 of 85]
0.08011759 0.077571019 0.074988421 0.072363674 0.069689355 0.066956672 0.064155538 0.061274937 0.058303849 0.055233218 0.052059707 0.048792276 0.045462615 0.042139294 0.038941513 0.036040139 0.033625211 0.031827085 0.030622246 0.02980592 0.029085181 0.028234459 0.027201384 0.026114441 0.025219051 0.024783373 0.02499947 0.02590622 0.027376736 0.029185644 0.031105579 0.032971153 0.03469497 0.036254133 0.037667708 0.038975887 0.040224155 0.041452712 0.042690617 0.043953914 0.045246734 0.046564147 0.047895573 0.049227886 0.050547769 0.051843236 0.053104436 0.054323934 0.055496673 0.056619739 0.057692049 0.058714009 0.059687194 0.060614051 0.06149765 0.062341466 0.063149214
0.079274002 0.076668299 0.074023144 0.071331008 0.068582435 0.065765718 0.062866593 0.059868086 0.056750767 0.053493957 0.050078947 0.04649612 0.042758924 0.038928033 0.035145456 0.031663623 0.028824165 0.026923987 0.025988601 0.025654177 0.025350665 0.024645989 0.023447656 0.021981756 0.020660253 0.019931591 0.020131521 0.021334742 0.023312222 0.025676064 0.028075139 0.03029136 0.032237591 0.033917399 0.035384326 0.036711501 0.037971155 0.039221903 0.040502477 0.041830982 0.043208218 0.044623095 0.046058209 0.047494351 0.048913517 0.050300536 0.0516437 0.052934763 0.054168604 0.055342756 0.056456893 0.057512352 0.058511711 0.059458419 0.060356507 0.061210338 0.062024427
0.078476593 0.075816161 0.073114192 0.070362013 0.067548428 0.0646591 0.061675795 0.058575522 0.055329711 0.051903878 0.04825883 0.044355866 0.040170995 0.03572729 0.031157049 0.026791864 0.023213505 0.021080727 0.020614282 0.021181617 0.021662783 0.021254844 0.019834549 0.017811461 0.015847752 0.014642725 0.014775844 0.01641316 0.019124195 0.022226858 0.025197797 0.027779707 0.029915156 0.031659269 0.033117773 0.034408817 0.035639139 0.036889345 0.038207317 0.039609537 0.041088326 0.042621481 0.044181031 0.045739397 0.047272827 0.048762743 0.050195833 0.051563511 0.052861131 0.054087186 0.055242567 0.056329933 0.057353182 0.058317025 0.059226653 0.06008747 0.0609049
0.077725413 0.075014971 0.072262556 0.069458771 0.066591215 0.0636436 0.060594562 0.057416047 0.054071212 0.050511951 0.04667666 0.04249034 0.037872789 0.032769263 0.027234053 0.021609669 0.016771519 0.014068679 0.014297775 0.016407176 0.018204219 0.01828074 0.016566541 0.013805743 0.011008324 0.0091082157 0.0090644185 0.011345861 0.015085538 0.01908998 0.022658051 0.02555018 0.027783901 0.029492074 0.030848034 0.032025997 0.033175211 0.034401532 0.03575925 0.037255798 0.038866112 0.040549376 0.042262234 0.043966467 0.045632048 0.04723743 0.04876853 0.050217328 0.051580495 0.0528582 0.054053139 0.055169757 0.05621364 0.05719104 0.058108518 0.058972671 0.059789941
0.07701889 0.074263068 0.071466697 0.068620193 0.065710675 0.062720931 0.059627924 0.056400598 0.052996684 0.049358147 0.045405109 0.041029025 0.036089268 0.030427903 0.023947282 0.016858406 0.01022826 0.0064077354 0.0074492613 0.011767772 0.015346856 0.016002994 0.013907809 0.010300121 0.0067133141 0.0040696602 0.0035912812 0.0068306087 0.011803234 0.01666589 0.020680655 0.023709876 0.025876419 0.027398854 0.028522843 0.029487333 0.030494268 0.031679004 0.03309585 0.034728933 0.036520686 0.03840091 0.040305557 0.04218447 0.044002192 0.045735809 0.047372138 0.048905179 0.050334081 0.051661597 0.052892914 0.054034783 0.055094865 0.05608124 0.057002047 0.05786522 0.058678309
0.076353646 0.073556513 0.07072219 0.067841482 0.064901844 0.06188634 0.0587721 0.055527939 0.052110678 0.048459438 0.044487084 0.040068211 0.035025329 0.029124387 0.02212538 0.014037141 0.0058938563 0.00086306907 0.002491137 0.0087506302 0.013729151 0.014714037 0.012184629 0.0077112053 0.0035125991 0.0013075922 0.00035087875 0.004525672 0.010187894 0.01538021 0.01943748 0.022305043 0.024173868 0.025318779 0.02604685 0.026671644 0.027467866 0.028609852 0.030138448 0.031986465 0.034038406 0.036180746 0.038325006 0.04041079 0.04240062 0.04427355 0.046019962 0.047637853 0.049130278 0.050503588 0.051766192 0.052927674 0.053998149 0.054987793 0.05590651 0.056763691 0.05756806
0.075724404 0.072888958 0.070021552 0.067113908 0.064154559 0.061127967 0.058013222 0.054781995 0.051395232 0.047797808 0.043910168 0.03961605 0.034747269 0.029075288 0.022352687 0.014552181 0.0066363968 0.0017116808 0.0032917824 0.0092880332 0.013908303 0.014609213 0.011808492 0.006827281 0.0016936149 0.00032037366 0.0022361746 0.0056814969 0.010677076 0.015344245 0.018908752 0.021269957 0.022592747 0.023147784 0.023281398 0.023404114 0.023913021 0.025046587 0.026800903 0.028999339 0.031427228 0.033914369 0.036351001 0.038674424 0.040852388 0.042871155 0.044728158 0.046427656 0.047978092 0.049390404 0.050676901 0.051850467 0.052923997 0.053909992 0.054820264 0.055665748 0.056456382
0.07512395 0.072251625 0.069354263 0.066424918 0.063453713 0.060427258 0.057327857 0.054132244 0.05080945 0.04731722 0.043596339 0.039562727 0.035099576 0.03006081 0.024325235 0.018009563 0.012002017 0.0084625999 0.0093054611 0.012922522 0.015640483 0.015631994 0.012994394 0.0086496924 0.0043828399 0.0032198139 0.0053796984 0.00865609 0.012556598 0.01615399 0.018836692 0.020434893 0.021013481 0.020774364 0.020072396 0.019462286 0.019587874 0.020818677 0.023022104 0.025786731 0.028741484 0.031661695 0.034436403 0.037017974 0.039390392 0.041553398 0.04351498 0.045287663 0.046886479 0.048327721 0.0496281 0.050804143 0.051871763 0.052845936 0.053740483 0.054567922 0.055339396
0.074543137 0.071633325 0.068706901 0.065758496 0.062780014 0.059760389 0.05668543 0.053537625 0.050295648 0.046933241 0.043417286 0.039705582 0.035747436 0.031497235 0.026967531 0.022369704 0.018346602 0.015980915 0.015906086 0.017179911 0.018024035 0.017387912 0.015226447 0.012168538 0.0094487802 0.0085528798 0.0097329444 0.012051801 0.014731765 0.017151474 0.018857534 0.01961382 0.019358002 0.018169901 0.016346725 0.014637467 0.014230116 0.015807439 0.018860226 0.022484035 0.026115292 0.029528721 0.032658419 0.035496225 0.038053263 0.040347399 0.042399213 0.044230483 0.045863381 0.047319892 0.048621361 0.049788124 0.050839221 0.051792178 0.052662853 0.053465342 0.054211945
0.073970858 0.071020445 0.068063223 0.065095542 0.062110954 0.05910024 0.05605188 0.052952954 0.049790375 0.046552245 0.043229285 0.039816788 0.036319142 0.032762422 0.029225535 0.025898141 0.023131207 0.021339502 0.020635632 0.020535548 0.020254827 0.019268048 0.017535265 0.015450825 0.013706544 0.012964281 0.013392432 0.014662539 0.016292381 0.01778343 0.018691931 0.018708867 0.01767317 0.015527125 0.0123651 0.0090171175 0.0078134104 0.010244333 0.014713784 0.019435778 0.023782528 0.027662987 0.031109942 0.034168982 0.036880339 0.039279221 0.041397857 0.043266649 0.044914552 0.046369068 0.047656089 0.04879972 0.049822113 0.05074333 0.05158124 0.052351459 0.053067356
0.073393931 0.070396739 0.067403983 0.064413909 0.061421414 0.05841813 0.055393323 0.052335751 0.049236447 0.046092234 0.042909693 0.039709431 0.036530851 0.033438121 0.030527893 0.027935241 0.025820053 0.02429986 0.02333068 0.022646794 0.021873433 0.020732315 0.019177476 0.017414981 0.015826583 0.014823269 0.014690915 0.015430892 0.016658011 0.017772018 0.018242008 0.017739284 0.016118675 0.013303775 0.0091319461 0.0039638516 0.0016947888 0.0055593813 0.011601767 0.017195423 0.022025168 0.026214011 0.029876246 0.03308815 0.035904424 0.038369632 0.04052349 0.042402859 0.044042334 0.045474296 0.046728821 0.047833567 0.048813673 0.049691655 0.050487323 0.051217729 0.051897176
0.072796866 0.069742824 0.066706211 0.063687659 0.060683265 0.057684316 0.054678253 0.051651204 0.048592115 0.045498152 0.042380786 0.03927183 0.036228418 0.033335059 0.030699207 0.02843489 0.026629833 0.025299502 0.024348057 0.023568991 0.022702384 0.021521845 0.01990181 0.01784581 0.015531799 0.013504878 0.012765121 0.01378843 0.015656112 0.017138688 0.017577466 0.016778477 0.01479062 0.011784817 0.0078825757 0.003068052 0.0006557032 0.0047393815 0.010689064 0.016174957 0.021008684 0.025263428 0.029005041 0.03228409 0.035144975 0.037630326 0.03978195 0.041640449 0.043244572 0.04463071 0.04583259 0.046881096 0.047804158 0.048626637 0.049370206 0.050053255 0.050690867
0.072161521 0.069035283 0.065941714 0.062885087 0.059863234 0.056866254 0.053876921 0.050873496 0.047835074 0.044748908 0.041618723 0.038473075 0.03537292 0.032416824 0.029739158 0.027490934 0.025791007 0.024654898 0.023948687 0.023415864 0.022754742 0.021678194 0.019918702 0.017200932 0.013353686 0.0091184308 0.0073308827 0.009782272 0.013639669 0.016200693 0.016883994 0.015896034 0.013597397 0.010442721 0.0071607317 0.0049332072 0.00467009 0.0071659632 0.011442123 0.016126371 0.020639582 0.024782797 0.028492193 0.031759749 0.034605067 0.037062004 0.039170984 0.040974373 0.04251383 0.04382891 0.044956407 0.045930062 0.046780395 0.047534527 0.048215962 0.048844364 0.049435442
0.071466799 0.068245424 0.065074656 0.061965053 0.058918255 0.055923551 0.052956666 0.049982244 0.046960459 0.043856746 0.04065284 0.03735792 0.034020552 0.030743823 0.02770352 0.025152738 0.023361565 0.02244977 0.022230341 0.022275825 0.022130103 0.021405496 0.019712886 0.016518761 0.011175574 0.0042695073 0.0010414512 0.0056030944 0.011921305 0.015559787 0.016403509 0.015172902 0.012501515 0.0088826593 0.0046649784 0.0018600547 0.0041735083 0.0080487216 0.012125487 0.016419353 0.020676211 0.024676106 0.028298119 0.031496811 0.034273395 0.036654738 0.038679998 0.040392798 0.04183699 0.043054591 0.0440849 0.04496416 0.045725341 0.046397849 0.047007103 0.047574078 0.04811498
0.070688777 0.067338006 0.064058251 0.060871282 0.057787479 0.054798385 0.051871826 0.048952905 0.045972254 0.042859684 0.03955915 0.036042262 0.032322575 0.028480489 0.024715977 0.02143191 0.019236968 0.018582125 0.019192011 0.020223198 0.020935028 0.020877286 0.019680046 0.01682046 0.011646808 0.0047829378 0.0015578901 0.0061039125 0.012347178 0.015792615 0.016323087 0.014695462 0.011638941 0.0078583262 0.0037119124 0.00048967272 0.003496114 0.0081305716 0.012498268 0.016795258 0.020966236 0.024863512 0.028379516 0.031468031 0.034128997 0.036389643 0.038290565 0.039877191 0.041195203 0.042288441 0.043198145 0.043962742 0.044617649 0.045194799 0.045721868 0.046221373 0.046709969
0.069801992 0.066270705 0.062831139 0.059524551 0.05638002 0.05339975 0.050546347 0.047739556 0.044867068 0.041806111 0.038446193 0.03470487 0.030537911 0.025959716 0.021116193 0.016501416 0.013306809 0.01292969 0.014940148 0.017446965 0.019296561 0.020134172 0.019799344 0.018057953 0.014728655 0.010645669 0.0088645691 0.011262708 0.014886784 0.016890354 0.016678631 0.014526019 0.01097565 0.0069206586 0.0037756845 0.0031671451 0.0050916527 0.0086995564 0.012973916 0.017335012 0.021501137 0.025318332 0.02870774 0.031645429 0.034144683 0.036240287 0.037977039 0.039402664 0.040564147 0.041506328 0.042271709 0.042900633 0.043431184 0.043898468 0.044333221 0.044760112 0.045196341
0.068783204 0.064996028 0.06131504 0.057813562 0.054557694 0.051579246 0.048846181 0.046247766 0.043608994 0.040730089 0.037428024 0.033558614 0.029017109 0.023735429 0.017719831 0.011295132 0.0061521406 0.0060262707 0.010253235 0.014486525 0.017443618 0.019145704 0.019732471 0.019274311 0.01789842 0.016224692 0.01551461 0.016383257 0.017787456 0.018356957 0.017415955 0.014808815 0.010716766 0.0057599649 0.0011777628 0.0010647544 0.0045883198 0.0089698766 0.013641151 0.018174306 0.022343115 0.026049559 0.029264823 0.031999434 0.034286955 0.036172871 0.037706914 0.038938476 0.039914606 0.040679839 0.041276997 0.041748084 0.042134458 0.042475732 0.042807337 0.043157392 0.043544003
0.067619636 0.063468894 0.059417697 0.055587796 0.052113503 0.049095847 0.046537295 0.044294641 0.042095571 0.039619355 0.036584719 0.032790082 0.028103969 0.022443266 0.015786612 0.0083099123 0.0014099673 0.0013808162 0.0072211249 0.012135344 0.015646202 0.017882048 0.019157442 0.01971508 0.019718858 0.019455447 0.019370564 0.019667587 0.020002028 0.01977305 0.01847497 0.015776331 0.011601811 0.0064551158 0.0019486347 0.00024440271 0.0043993108 0.0097414662 0.014877774 0.019506437 0.023569219 0.027066771 0.030026525 0.032491507 0.034513113 0.036145422 0.037441023 0.038448765 0.039213476 0.039777319 0.040182019 0.040470955 0.040689929 0.040885583 0.0411012 0.041370912 0.041714551
0.06632411 0.061665231 0.057049727 0.05266239 0.048752898 0.045570252 0.043225447 0.041554207 0.040118962 0.038385834 0.035925723 0.032491168 0.02798178 0.02240347 0.015929718 0.0091991983 0.0040268572 0.0032688059 0.006066228 0.010451172 0.013945114 0.016232278 0.01783811 0.019098014 0.020074037 0.020730007 0.021122404 0.021332136 0.021312287 0.020868246 0.019693001 0.017434176 0.01390218 0.0094399227 0.0052526937 0.0039330188 0.0072802933 0.012277212 0.017153499 0.021483997 0.025205584 0.028342668 0.03094376 0.033065869 0.034768058 0.036107017 0.037134013 0.037893751 0.03842541 0.038765661 0.03895289 0.039031325 0.039053154 0.039076582 0.039158702 0.039344669 0.039657683
0.064958506 0.059618408 0.054171374 0.048860833 0.044106307 0.040448555 0.038287419 0.037498722 0.037340183 0.036860803 0.035384171 0.032636928 0.028616569 0.023464569 0.017473507 0.011193431 0.005128518 0.00027358106 0.0038150553 0.0091628482 0.012032793 0.013859305 0.015460334 0.017261485 0.019171849 0.020675251 0.02149588 0.02171666 0.021581174 0.021263453 0.020645306 0.019341767 0.017069385 0.014080834 0.011429802 0.010777388 0.012854332 0.016489975 0.020408011 0.024026322 0.02716224 0.029787921 0.031932335 0.033645499 0.034983087 0.03599797 0.036735407 0.037231548 0.037515295 0.037613202 0.037556563 0.037389051 0.037171986 0.036982974 0.036904213 0.037001832 0.037305566
0.063661999 0.05747615 0.050889889 0.044148832 0.037860227 0.033072375 0.030877822 0.031411155 0.033342337 0.034860015 0.034869287 0.033134023 0.029852095 0.02534241 0.019949648 0.014007182 0.0078358239 0.003690083 0.0058882385 0.0081924666 0.0089028414 0.010311658 0.011527573 0.013918574 0.017241115 0.019816704 0.020951847 0.020879427 0.020362097 0.020232271 0.02059088 0.0207468 0.020120689 0.018825116 0.017621502 0.01748066 0.018833128 0.021267125 0.024092197 0.026826905 0.029241185 0.031257999 0.032877388 0.034134685 0.035077354 0.035750961 0.036191053 0.036420422 0.036451611 0.036294149 0.035965665 0.035505428 0.034986618 0.034519135 0.034231993 0.03423288 0.034564304
0.062669435 0.055560861 0.047606998 0.03892381 0.030198881 0.023177489 0.020374394 0.02277857 0.027958775 0.032400151 0.034390826 0.033909403 0.031514656 0.027779738 0.023185962 0.018194641 0.013508115 0.010432945 0.0086747971 0.0046149832 0.0033841629 0.0062049395 0.0054162726 0.0089928399 0.014894165 0.01880023 0.019877128 0.018636233 0.016691598 0.016511637 0.018592549 0.020985039 0.022346056 0.022702116 0.022704694 0.023046279 0.024081423 0.02572105 0.02764176 0.029536132 0.031212517 0.032587283 0.033648956 0.034425686 0.034960295 0.035291861 0.035444013 0.035420822 0.035210343 0.034794812 0.034166785 0.033351449 0.032433128 0.031573117 0.03098944 0.030876401 0.031302257
0.062292047 0.054375973 0.045124034 0.034385322 0.022687467 0.012390577 0.0081538967 0.01279123 0.022173908 0.030097441 0.034216314 0.034991552 0.033468271 0.030498725 0.026699961 0.022575903 0.018604125 0.014932763 0.010268621 0.0032019929 0.0014578729 0.0043573784 1.0141296e-05 0.0056593296 0.013916892 0.018493962 0.018801128 0.015083782 0.0096274644 0.0089312697 0.014363822 0.020136466 0.023763702 0.025647506 0.026646105 0.027429327 0.028358718 0.029499787 0.030735697 0.031904973 0.032886334 0.033623544 0.034117174 0.034403797 0.034531672 0.03453805 0.034433322 0.034195955 0.033778415 0.033121208 0.032173608 0.030925503 0.029458311 0.02800531 0.026954409 0.026691457 0.027339789
0.06283669 0.054477206 0.044475659 0.032461855 0.018731966 0.005901995 0.00029862896 0.0065147799 0.019002811 0.029344908 0.034880862 0.036517872 0.035643549 0.03327617 0.030085572 0.026523668 0.022853453 0.018989279 0.014413971 0.0095888626 0.0080083093 0.0077553644 0.0055844552 0.0096127853 0.016022633 0.019518578 0.018642262 0.012492872 0.0029335274 0.0015915851 0.010920774 0.019750167 0.025122647 0.028116764 0.029823305 0.030928342 0.031802791 0.032586836 0.03327667 0.033811594 0.034138288 0.034243096 0.034157696 0.033945638 0.033675842 0.033391792 0.033088845 0.032709291 0.032154576 0.031305523 0.030044229 0.028287553 0.026065832 0.023678704 0.021824858 0.021337233 0.022466896
0.064482712 0.05621111 0.046367471 0.034637498 0.02138994 0.0092108689 0.0040034837 0.0098298436 0.021544923 0.031406556 0.036842958 0.0386178 0.038012204 0.035986306 0.03316432 0.029942518 0.026548429 0.023063596 0.019570332 0.016602936 0.015032683 0.014354853 0.01433817 0.016639677 0.019995023 0.021722425 0.020269646 0.014710207 0.0067237059 0.0056350812 0.013607775 0.021780783 0.027259915 0.030619283 0.03264748 0.033883251 0.034647681 0.035099772 0.035291645 0.035224944 0.034899654 0.034347611 0.033646345 0.032908876 0.032248049 0.031726846 0.03132118 0.030918017 0.030345046 0.029405146 0.027893893 0.02561041 0.022432199 0.018613375 0.015331558 0.01447063 0.016598674
