Data/TMD/tiff/2019-10-31.sdat
NCOLS 85
NROWS 151
XLLCORNER 97.2937
YLLCORNER 5.5627378
DX 0.098742119
DY 0.099019249
NODATA_VALUE -9999
[rows 100 to 124 of 151, columns 0 to 56 of 85]
0.88781682 0.9211559 0.95832919 1.0000302 1.0471533 1.1008985 1.1629559 1.2358348 1.3234422 1.4320369 1.5716029 1.7572565 2.0091538 2.3472134 2.7735331 3.2286108 3.4923699 3.0175823 1.3702738 0.70777877 1.5607021 2.0586239 2.102856 1.9549014 1.7576159 1.5673066 1.4012722 1.2615805 1.1451662 1.0478085 0.96556815 0.8952062 0.83421179 0.78069546 0.73325229 0.69083612 0.65265825 0.61811193 0.58671854 0.55809052 0.53190633 0.50789367 0.48581828 0.46547654 0.44669062 0.42930534 0.41318647 0.39821991 0.38431164 0.37138805 0.35939609 0.34830272 0.3380927 0.32876418 0.32032176 0.31276768 0.30609272
0.90053575 0.93388651 0.97085695 1.0120126 1.0580502 1.1098711 1.1687345 1.2365888 1.3167802 1.4155117 1.5445835 1.7256941 1.9949501 2.4024983 2.9984586 3.7944373 4.6684294 5.0020583 2.4473167 0.64761094 1.9926419 2.4331661 2.3571631 2.1263986 1.8795154 1.6603686 1.4775187 1.3277932 1.2050946 1.1034641 1.017982 0.94487862 0.88137931 0.82548211 0.77574822 0.7311323 0.69085733 0.65432788 0.62107242 0.59070597 0.56290609 0.53739741 0.51394154 0.49233042 0.47238188 0.45393667 0.43685655 0.42102311 0.40633709 0.39271778 0.38010235 0.36844443 0.35771166 0.34788191 0.33893808 0.33086209 0.32362894
0.91004512 0.94284135 0.97888399 1.0185331 1.0621536 1.1101071 1.1627785 1.2207275 1.2852232 1.3598008 1.4542197 1.5929148 1.8283385 2.250925 2.9781338 4.1271014 5.825544 8.2387112 9.4498202 5.1925457 3.5682917 3.0371332 2.6281418 2.2681536 1.9667377 1.7235714 1.5301082 1.3758547 1.2513076 1.1488324 1.062686 0.98873766 0.92410731 0.86681822 0.81550844 0.76921674 0.72723696 0.68902544 0.65414476 0.62223034 0.5929706 0.56609489 0.54136586 0.51857442 0.4975362 0.4780891 0.46009147 0.44342079 0.42797256 0.41365932 0.40040939 0.38816522 0.37688099 0.3665194 0.35704785 0.34843409 0.34064229
0.91640206 0.94815095 0.98266156 1.0200394 1.0602275 1.1028722 1.1471196 1.1913589 1.2330788 1.2695337 1.3014847 1.3456797 1.4636842 1.7954798 2.5351499 3.8302518 5.7442685 8.078554 8.9365264 6.6086582 4.5155731 3.4281059 2.7814172 2.3325195 2.0002894 1.7485918 1.5550898 1.4037684 1.2827512 1.1833275 1.0993117 1.0264929 0.9621132 0.90440268 0.85221181 0.80475738 0.76146541 0.72188253 0.68562932 0.65237654 0.6218331 0.59373947 0.56786375 0.54399886 0.52196043 0.50158499 0.48272852 0.46526512 0.44908582 0.43409729 0.4202205 0.40738888 0.39554622 0.384644 0.3746384 0.36548722 0.35714704
0.91974817 0.95006191 0.98260919 1.0172391 1.0534668 1.0901971 1.1252434 1.1545136 1.1707489 1.1620857 1.1127541 1.0157805 0.92356026 1.0410902 1.680298 2.9270073 4.5374404 6.008016 6.4353171 5.524727 4.2940253 3.3669623 2.7349296 2.2924401 1.9715053 1.7329138 1.5519957 1.4117463 1.2998498 1.207392 1.1282108 1.0583477 0.99544204 0.93814573 0.88567169 0.83750827 0.79326735 0.75261531 0.71524681 0.68087723 0.6492418 0.62009624 0.59321719 0.56840207 0.54546844 0.5242531 0.50461093 0.48641385 0.46954951 0.45392006 0.43944069 0.42603796 0.41364787 0.40221366 0.3916835 0.38200814 0.37313884
0.92027411 0.94887873 0.97921806 1.0109366 1.0432155 1.0743876 1.1012374 1.1177213 1.1126803 1.0661332 0.94546954 0.7133836 0.3963386 0.26849478 0.79594434 1.9497675 3.2277764 4.1969482 4.5376388 4.2283525 3.6144181 3.0127472 2.5300234 2.1641293 1.8894155 1.6823396 1.5247366 1.4025484 1.3046565 1.2225703 1.1504773 1.0849833 1.0244302 0.96812956 0.91580361 0.86728746 0.82241116 0.78097251 0.74274386 0.70748646 0.67496293 0.64494559 0.6172213 0.59159373 0.56788411 0.54593107 0.52558992 0.50673172 0.48924217 0.47302035 0.4579774 0.44403492 0.43112334 0.41918007 0.40814764 0.39797193 0.38860054
0.91818008 0.94489809 0.97293918 1.0018374 1.0306131 1.0573547 1.0784572 1.0872264 1.0713544 1.0087065 0.86250872 0.58834564 0.20791785 0.010636075 0.45201334 1.4038691 2.354604 3.0193679 3.299042 3.2230899 2.9337992 2.5836003 2.2594872 1.9899485 1.7757857 1.6091966 1.4808074 1.3810949 1.3006677 1.2314015 1.1678417 1.1074381 1.0495904 0.99451689 0.94256274 0.89393912 0.84868852 0.80672614 0.76789017 0.73198035 0.69878307 0.66808628 0.6396875 0.61339791 0.58904395 0.56646768 0.54552637 0.5260918 0.5080492 0.49129616 0.4757414 0.46130335 0.44790877 0.43549119 0.42398941 0.41334608 0.40350643
0.91364179 0.93835264 0.9640888 0.99038397 1.0162977 1.0400452 1.0583487 1.0653165 1.0505959 0.99681066 0.87839305 0.67337121 0.42278892 0.33697426 0.66475871 1.2907651 1.9011513 2.3268354 2.5273922 2.5279216 2.3940723 2.199115 1.9957662 1.8109853 1.6545347 1.5280025 1.4293713 1.3535779 1.2924073 1.2371528 1.1824034 1.1268457 1.0714004 1.0174086 0.9658597 0.9172889 0.87189325 0.8296631 0.79047667 0.75415827 0.72051172 0.68933834 0.66044641 0.63365569 0.6087994 0.58572467 0.56429244 0.54437675 0.52586394 0.50865166 0.49264777 0.4777692 0.46394065 0.45109342 0.43916409 0.42809341 0.41782528
0.90679058 0.92937959 0.95279849 0.97667715 1.0002815 1.0222437 1.0401219 1.0497303 1.0442808 1.0138693 0.94762481 0.84540585 0.74849625 0.76338159 0.97813834 1.3293961 1.673218 1.91969 2.045029 2.0620514 2.0010047 1.895776 1.7739622 1.6534357 1.5441279 1.4516538 1.3794163 1.3265878 1.2849645 1.2433569 1.1960952 1.143972 1.0899969 1.0366755 0.98548026 0.93711029 0.8918099 0.84958339 0.81031737 0.77384598 0.73998445 0.70854604 0.67935039 0.65222735 0.62701866 0.60357839 0.5817728 0.56147985 0.54258854 0.52499805 0.50861691 0.49336193 0.47915724 0.46593326 0.45362563 0.44217432 0.43152277
0.89771256 0.9180215 0.93902166 0.96049986 0.98202645 1.0027956 1.0213848 1.0354574 1.0415751 1.0356875 1.0157086 0.98838444 0.97937315 1.0309217 1.1659272 1.352829 1.5315197 1.6607545 1.7297751 1.7458915 1.7218222 1.6701363 1.6022907 1.5280628 1.4549633 1.389442 1.3387175 1.3065551 1.2833245 1.2527319 1.2096165 1.1585316 1.1048509 1.0518384 1.0010548 0.95312575 0.90822293 0.86630936 0.82725686 0.79090103 0.7570669 0.72558081 0.69627579 0.66899408 0.64358811 0.61992082 0.59786557 0.57730583 0.55813472 0.54025437 0.52357527 0.50801545 0.4934997 0.47995873 0.46732832 0.45554858 0.44456324
0.88646696 0.90425805 0.92258946 0.94142088 0.96065039 0.98004869 0.99915583 1.017171 1.0329718 1.0456084 1.0558304 1.0688352 1.0961816 1.1512423 1.2360899 1.3333301 1.4173773 1.4736195 1.5044878 1.5190031 1.5202234 1.5055894 1.4752355 1.4343819 1.389327 1.3458648 1.3128672 1.2984095 1.2897674 1.2643267 1.2207404 1.1685868 1.1146752 1.0621242 1.0121291 0.96505958 0.92095063 0.87970619 0.84118214 0.80521969 0.77165883 0.74034362 0.71112443 0.683859 0.65841296 0.63466016 0.61248278 0.59177128 0.57242423 0.55434794 0.53745603 0.52166889 0.50691302 0.49312042 0.48022793 0.46817659 0.4569111
0.87312007 0.88806148 0.90329996 0.91893807 0.93516197 0.95225553 0.97058457 0.99053856 1.012468 1.0367625 1.064275 1.0969773 1.1377855 1.1878758 1.2420811 1.287662 1.3117469 1.314629 1.3153971 1.333942 1.3647076 1.3846807 1.382501 1.3647898 1.3417286 1.3182936 1.3012024 1.2991238 1.2964175 1.2696407 1.2237521 1.1710418 1.1179289 1.0667871 1.0183425 0.97273181 0.92989358 0.8897065 0.85203501 0.81674295 0.78369677 0.7527661 0.72382394 0.69674716 0.67141722 0.6477208 0.62555039 0.60480474 0.58538898 0.56721464 0.55019947 0.53426712 0.5193467 0.50537236 0.49228274 0.4800205 0.46853187
0.85778888 0.86946661 0.88102578 0.89263458 0.90467024 0.91782084 0.93316579 0.95215444 0.97638467 1.0071682 1.0450478 1.0894439 1.1381649 1.1861162 1.2234228 1.2354367 1.2093361 1.1524175 1.112307 1.1446391 1.2295074 1.2956854 1.3142451 1.3069404 1.2999133 1.2958604 1.2918931 1.2923414 1.2862002 1.2580843 1.2138147 1.1639236 1.1138466 1.0655564 1.0196244 0.97614579 0.93507397 0.89632756 0.85981891 0.82545849 0.793154 0.76280964 0.73432665 0.70760454 0.68254282 0.65904256 0.63700777 0.61634637 0.59697093 0.57879897 0.56175313 0.54576106 0.53075521 0.51667254 0.50345415 0.49104489 0.47939299
0.84068656 0.84864656 0.85583258 0.86234847 0.86859195 0.87547415 0.88468191 0.8988341 0.9212189 0.95479628 1.0006206 1.0565171 1.1166138 1.1710425 1.2046958 1.195663 1.1186542 0.97157462 0.8461136 0.90527885 1.1024618 1.2396293 1.2626089 1.242006 1.247545 1.2679759 1.2755164 1.2722357 1.2594487 1.2319097 1.1925898 1.1482083 1.1030216 1.0588304 1.0162615 0.97551172 0.9366421 0.89967087 0.86459576 0.83139681 0.80003663 0.77046196 0.74260675 0.71639569 0.69174781 0.66857944 0.64680671 0.62634728 0.60712162 0.58905376 0.57207176 0.5561078 0.54109824 0.52698337 0.51370725 0.50121737 0.48946444
0.82216 0.82598199 0.82810033 0.82836879 0.82692831 0.82456625 0.82330529 0.82709403 0.84196782 0.87451358 0.92824637 1.0001668 1.0804912 1.1544014 1.2015677 1.191591 1.079704 0.83124541 0.56877212 0.66064044 1.0268867 1.2375295 1.2237092 1.1509938 1.1790106 1.2397256 1.2588868 1.2497826 1.2291021 1.2002061 1.1649337 1.1263573 1.0867927 1.0474188 1.0087848 0.9711914 0.93484566 0.89990266 0.86647236 0.83462117 0.80437611 0.7757314 0.74865596 0.72310054 0.6990039 0.67629768 0.65491006 0.63476849 0.61580145 0.59793973 0.58111706 0.56527055 0.55034078 0.53627182 0.52301104 0.510509 0.49871916
0.80270588 0.80210398 0.79862336 0.7916472 0.78066495 0.76571007 0.74837094 0.73360608 0.73162141 0.75661299 0.81883135 0.91499461 1.0286879 1.1386195 1.2213914 1.2446999 1.1578858 0.91219894 0.62987731 0.74065261 1.1441606 1.3321372 1.242777 1.1103732 1.1588702 1.2393954 1.25075 1.2268832 1.1957102 1.1641986 1.1323538 1.0997069 1.0662229 1.0321294 0.99778857 0.96360983 0.92998058 0.89722339 0.86557999 0.83521336 0.80621905 0.77863957 0.75247814 0.72771036 0.70429355 0.68217359 0.66129007 0.64157971 0.62297883 0.60542486 0.58885731 0.57321835 0.55845306 0.54450949 0.53133867 0.51889445 0.50713336
0.78295062 0.77788019 0.76863349 0.7539402 0.7322163 0.70184432 0.66237316 0.61791508 0.58343733 0.58791901 0.65848323 0.7918022 0.95618959 1.1198314 1.2606431 1.3560177 1.3728031 1.2869002 1.1891919 1.3055034 1.5419719 1.5934728 1.440993 1.2871624 1.274083 1.2814225 1.2418197 1.189174 1.1474291 1.1173569 1.092522 1.068045 1.0418495 1.013624 0.98383994 0.95319347 0.92234734 0.89183659 0.8620523 0.83325802 0.80561605 0.77921339 0.75408356 0.73022363 0.70760677 0.68619124 0.6659266 0.64675803 0.6286291 0.61148361 0.59526676 0.57992577 0.5654103 0.55167257 0.53866742 0.5263522 0.51468672
0.76358488 0.75431525 0.73966727 0.71769619 0.6855547 0.63924736 0.57420215 0.48942019 0.40111364 0.36242469 0.43985161 0.62956872 0.86360621 1.093692 1.3066301 1.5005937 1.6719099 1.8218923 1.9790932 2.1545865 2.2254799 2.0903081 1.8342424 1.602883 1.4485897 1.3165659 1.1911862 1.1049873 1.0651551 1.0509669 1.0426898 1.0311964 1.0142969 0.99260915 0.96750934 0.94034962 0.91222044 0.88392168 0.8560043 0.82882745 0.80261099 0.77747748 0.75348348 0.73064205 0.70893831 0.68834018 0.66880544 0.65028651 0.63273349 0.61609613 0.60032503 0.58537241 0.57119246 0.55774164 0.54497867 0.53286454 0.52136247
0.74526112 0.73236518 0.71323272 0.68548838 0.64538942 0.58691734 0.50089896 0.37735928 0.22447249 0.12080897 0.20297493 0.46416773 0.77142002 1.062359 1.3432013 1.6396984 1.9841353 2.4130066 2.9245602 3.3274025 3.2743208 2.8292118 2.3412269 1.9327092 1.5821935 1.2671274 1.0288587 0.92722781 0.9300964 0.9616327 0.98420206 0.99110335 0.98507439 0.97008364 0.94941434 0.92544807 0.89981847 0.87360804 0.84751334 0.82196837 0.79723199 0.77344801 0.75068581 0.72896738 0.70828515 0.68861357 0.6699167 0.65215292 0.63527808 0.61924736 0.60401647 0.58954241 0.57578387 0.56270144 0.55025777 0.53841754 0.52714744
0.72848783 0.71272511 0.69036427 0.65905523 0.61509958 0.55236889 0.46064231 0.32560929 0.14596468 0.0058866686 0.0899164 0.38489023 0.71751572 1.0319837 1.3523892 1.7261062 2.223513 2.9486263 3.9782259 4.9452888 4.7403512 3.6685924 2.8561205 2.2506466 1.6569161 1.0826679 0.67452762 0.61458365 0.74884004 0.86408634 0.92679283 0.95294152 0.95675309 0.94728509 0.93013566 0.9087539 0.88525906 0.86094684 0.83660204 0.81269174 0.78948521 0.76712872 0.74569235 0.7251994 0.70564481 0.6870067 0.66925354 0.65234861 0.63625278 0.62092619 0.60632938 0.5924239 0.57917273 0.56654056 0.55449386 0.54300096 0.53203207
0.71356946 0.69570135 0.67131971 0.63851746 0.59458002 0.53548865 0.45530003 0.34706743 0.21549793 0.12490744 0.20130322 0.43298884 0.70921948 0.99593303 1.3126164 1.7081211 2.2749467 3.1759633 4.6129112 6.2409318 5.9075967 4.1184366 3.2813921 2.6165772 1.7460049 0.85612242 0.1840321 0.25233425 0.61235045 0.80086313 0.88730568 0.92335223 0.93192411 0.92515799 0.90995692 0.89030292 0.86850031 0.84588431 0.82322653 0.80096771 0.77935273 0.75850988 0.73849809 0.71933512 0.70101457 0.68351603 0.66681119 0.65086749 0.63565037 0.62112463 0.60725532 0.59400833 0.58135074 0.5692511 0.55767959 0.54660812 0.53601034
0.70062536 0.68125766 0.65567355 0.62252432 0.58030164 0.52757828 0.46381568 0.3918626 0.32490461 0.2978138 0.35399702 0.49506596 0.69320166 0.93000169 1.2056331 1.5520634 2.0556057 2.8673136 4.1035534 5.3182116 5.0115966 3.8809079 3.730192 3.0682142 1.9209812 0.92501675 0.28597593 0.4004112 0.6836506 0.80915142 0.87600498 0.90537211 0.91123676 0.90356484 0.88854639 0.86977794 0.84929731 0.82824999 0.80727624 0.78672886 0.76679596 0.74757093 0.7290928 0.71136953 0.69439143 0.67813876 0.66258616 0.64770513 0.63346559 0.61983686 0.6067883 0.59428987 0.58231247 0.57082829 0.55981097 0.5492358 0.53907977
0.68967592 0.6692158 0.64278805 0.60938804 0.56814753 0.51876717 0.46244449 0.40361232 0.35243762 0.32703818 0.35359116 0.45345434 0.61847119 0.81966055 1.033889 1.2664437 1.5867798 2.135689 2.9460365 3.6326202 3.6951882 3.6214612 3.8000903 3.1216513 2.004935 1.1684492 0.83949079 0.88837152 0.84017439 0.85598576 0.88298993 0.89458639 0.89209083 0.88083029 0.86481702 0.84648414 0.82721443 0.80777676 0.78859194 0.76988386 0.75176522 0.73428665 0.7174647 0.70129742 0.68577269 0.67087256 0.65657554 0.64285783 0.62969414 0.61705833 0.60492393 0.59326468 0.58205493 0.57127012 0.56088703 0.55088408 0.54124139
0.68074073 0.65947676 0.63232232 0.59829612 0.55642828 0.50586292 0.44587473 0.37558632 0.29452843 0.21494837 0.19901428 0.30955976 0.49449473 0.68338711 0.83035894 0.90257672 0.95444503 1.2289966 1.8482095 2.4739145 2.8297441 3.0303935 3.058834 2.59852 1.8756785 1.2810899 0.97068112 0.90389552 0.89355307 0.8899244 0.88809724 0.88126508 0.86930479 0.85407433 0.8371383 0.81948988 0.80171744 0.78415984 0.76700316 0.75034109 0.73421441 0.71863602 0.70360541 0.68911574 0.67515669 0.6617153 0.64877616 0.63632149 0.62433146 0.61278461 0.60165847 0.59093011 0.58057688 0.57057692 0.56090968 0.55155628 0.54249976
0.67389022 0.65212183 0.6244236 0.58965307 0.54640984 0.49280037 0.42579418 0.33982497 0.22591273 0.08761369 0.026384385 0.16901365 0.3791458 0.558691 0.64945189 0.5645654 0.32316942 0.3842162 1.0164819 1.6894464 2.117 2.3232601 2.3131621 2.0568795 1.663216 1.3013929 1.0673545 0.96387596 0.92371156 0.8974721 0.87503312 0.85519246 0.83716141 0.82021109 0.80386171 0.78791091 0.77232867 0.75714281 0.74237713 0.72803728 0.71411783 0.70061175 0.68751481 0.67482554 0.66254293 0.65066418 0.6391832 0.62809008 0.61737124 0.60701005 0.59698764 0.58728387 0.57787829 0.56875101 0.55988347 0.55125897 0.54286306
