Data/TMD/tiff/2019-10-30.tif
NCOLS 85
NROWS 151
XLLCORNER 97.2937
YLLCORNER 5.5627378
DX 0.098742119
DY 0.099019249
NODATA_VALUE -9999
[rows 75 to 99 of 151, columns 0 to 56 of 85]
0.56622218 0.55904761 0.55094273 0.54182276 0.53160174 0.52019482 0.50752135 0.49350866 0.47809664 0.46124279 0.44292761 0.42315966 0.40197999 0.37946511 0.35572839 0.33091975 0.3052246 0.27886414 0.25210121 0.22525719 0.19874318 0.17309156 0.14892371 0.12670058 0.10605031 0.084547014 0.055989718 0.016884027 0.015212488 0.049223161 0.064486154 0.064578532 0.056824791 0.044436614 0.028761832 0.013737205 0.0062302431 0.023523058 0.038151924 0.049049974 0.058668489 0.067874325 0.076828104 0.085383805 0.092971756 0.098886767 0.10282706 0.10535078 0.10789263 0.11203315 0.11849663 0.12695745 0.13667359 0.14706895 0.15787075 0.168967 0.18024539
0.5872475 0.58036366 0.57250547 0.56358304 0.55350567 0.54218416 0.52953389 0.51547837 0.49995339 0.4829115 0.46432654 0.4441978 0.42255341 0.39945235 0.37498501 0.34927216 0.32246351 0.29473828 0.26631301 0.23746606 0.20859307 0.18030465 0.15352865 0.12937537 0.10816553 0.087415233 0.060337576 0.024123773 0.022516364 0.054967876 0.071883636 0.073456688 0.066115955 0.053184537 0.036172199 0.014491732 0.004474615 0.024628924 0.035717095 0.043864148 0.053584393 0.063967253 0.074688887 0.084906178 0.092998336 0.097660933 0.098490259 0.096700674 0.095546081 0.098609285 0.10684754 0.11862681 0.13190524 0.14536062 0.15841506 0.17093264 0.18294358
0.61030447 0.60388851 0.59646127 0.58792532 0.57818191 0.56713333 0.55468583 0.5407531 0.52526009 0.50814719 0.48937419 0.46892383 0.44680429 0.42305007 0.39772066 0.37089653 0.34267246 0.31314899 0.28242565 0.25060655 0.21785002 0.18455027 0.15184122 0.12246967 0.10030086 0.085046874 0.071145299 0.058995243 0.05982039 0.073428664 0.083535668 0.084284598 0.077035067 0.063930409 0.046350292 0.025828962 0.01785816 0.024896932 0.024313144 0.028998174 0.042422798 0.053931369 0.06792313 0.081855107 0.09143501 0.094413534 0.090028979 0.080249022 0.072195445 0.074396464 0.087024846 0.10469679 0.12335601 0.14100419 0.15699769 0.17139281 0.18448555
0.63547433 0.62971721 0.62292023 0.614976 0.60577451 0.59520546 0.58316103 0.56953931 0.55424799 0.5372084 0.51835928 0.49765997 0.47509231 0.45066031 0.42438656 0.39630374 0.36643909 0.33478898 0.30127977 0.26571406 0.22772057 0.18682316 0.14314828 0.10048702 0.072024923 0.065609534 0.059982153 0.060378722 0.073800835 0.088110127 0.096687113 0.097168893 0.090169147 0.077402073 0.060755749 0.042791577 0.024220367 0.011188116 0.0059134243 0.011484456 0.027306197 0.033474362 0.056310874 0.077887615 0.090004774 0.09077717 0.07905297 0.056773515 0.037108768 0.040689166 0.061821551 0.087674142 0.11311237 0.13567314 0.15488051 0.17122334 0.18541206
0.66283428 0.65794428 0.6519965 0.64487136 0.63644459 0.62658931 0.61517881 0.60208987 0.58720656 0.57042428 0.55165372 0.53082417 0.50788532 0.48280642 0.45557109 0.42616509 0.39455279 0.360635 0.3241751 0.2846712 0.24114344 0.19184236 0.13429005 0.068885023 0.020107615 0.034432178 0.025217792 0.02440853 0.067166598 0.097108357 0.11034306 0.11218247 0.10584101 0.093519847 0.07675513 0.055545802 0.026285645 0.0072396483 0.020028665 0.023879994 0.0096877803 0.0090193 0.047986539 0.077433148 0.091253194 0.089564192 0.071195538 0.037851299 0.0053403003 0.013548873 0.040361637 0.072816471 0.10465603 0.13164315 0.15349217 0.17126387 0.1861532
0.69245471 0.68866069 0.68380509 0.67775426 0.67036683 0.66149566 0.6509904 0.63870081 0.62448069 0.60819234 0.58971099 0.56892889 0.54575792 0.52012957 0.49199028 0.461289 0.4279521 0.39183673 0.35264718 0.30978621 0.2620997 0.20750568 0.14294856 0.068364225 0.01157429 0.031516973 0.021757634 0.020300693 0.072421442 0.11011727 0.12685694 0.13008715 0.12452963 0.11285289 0.096600882 0.076466123 0.054625942 0.042675593 0.044441016 0.043494176 0.029501594 0.030504668 0.059904839 0.08562693 0.097477529 0.093644725 0.073134534 0.040142389 0.012811401 0.0040076709 0.027863278 0.066069155 0.10200932 0.13123681 0.15406282 0.17206288 0.1868296
0.72439528 0.72194961 0.71845729 0.7137692 0.70772456 0.70015252 0.69087448 0.67970733 0.66646765 0.65097666 0.63306571 0.61258181 0.58939222 0.56338711 0.53447834 0.50259212 0.46765188 0.42954631 0.38807551 0.34286848 0.29328652 0.23845697 0.17820251 0.11774376 0.078259204 0.075853866 0.072486208 0.077120899 0.10690754 0.13453799 0.14891083 0.15192133 0.1468196 0.13602711 0.12132041 0.10444374 0.088497019 0.078272893 0.074377063 0.071300337 0.066888984 0.070539949 0.086091593 0.10205254 0.10938483 0.10422525 0.085522351 0.056999022 0.027817036 0.012573147 0.036024146 0.073582475 0.10808223 0.13575054 0.15699896 0.17347244 0.18695118
0.75869998 0.75788084 0.7560546 0.75305596 0.7487031 0.74279855 0.73513108 0.72547881 0.71361349 0.69930625 0.68233438 0.66248904 0.63958306 0.61345796 0.58398909 0.55108783 0.51470008 0.47480265 0.43140327 0.38456421 0.33450782 0.28197195 0.229225 0.18211193 0.15021137 0.13651941 0.13226173 0.1370237 0.15190389 0.16757044 0.17676772 0.17819171 0.17307251 0.16313132 0.15009862 0.13587628 0.12282881 0.1132186 0.10743852 0.10403221 0.10283596 0.10631992 0.11468541 0.12317001 0.12632405 0.12078148 0.1057329 0.083937974 0.062695809 0.054577035 0.068694811 0.095320993 0.12220967 0.14439274 0.16129207 0.17420189 0.18503137
0.79539087 0.7965038 0.79668088 0.79574112 0.79348094 0.78967422 0.78407329 0.7764116 0.76640795 0.75377286 0.73821697 0.71946135 0.69724937 0.67135948 0.64161825 0.60791378 0.57021119 0.52857612 0.48322045 0.43459941 0.3836123 0.33197229 0.28272235 0.24041843 0.20967306 0.19193929 0.18516811 0.18715988 0.19502596 0.20374276 0.20889321 0.20867576 0.20332165 0.19400112 0.18222777 0.16967852 0.15808007 0.14881119 0.14237308 0.13856509 0.13740531 0.13923322 0.14328789 0.14700418 0.14728279 0.141983 0.13081573 0.11609031 0.10310799 0.098842947 0.10675301 0.12275709 0.14003562 0.15426399 0.16431385 0.17142707 0.1781196
0.83446074 0.83783893 0.8403927 0.84192729 0.84221826 0.84101007 0.83801587 0.83291898 0.82537673 0.81502706 0.80149833 0.78442255 0.76345174 0.738277 0.70864969 0.67440447 0.63548596 0.59198408 0.54418988 0.49269186 0.43853821 0.38347237 0.33018054 0.28240156 0.24478842 0.22204556 0.21567874 0.22101752 0.23070862 0.23921535 0.24356514 0.24282405 0.23742153 0.22849646 0.21746277 0.20578521 0.19481509 0.18557584 0.17859226 0.17397598 0.17167433 0.17143052 0.17238291 0.17294536 0.17134195 0.16639399 0.15817133 0.1484 0.14032773 0.13743042 0.14099277 0.14880134 0.15678007 0.16156385 0.16212459 0.16055015 0.16134326
0.87586443 0.88186745 0.88720737 0.89167968 0.89504208 0.89701104 0.8972595 0.89541648 0.89106949 0.88377064 0.87304736 0.85841817 0.83941376 0.81560252 0.78661918 0.75219457 0.7121843 0.66659445 0.61560231 0.5595673 0.49901926 0.43461474 0.36718596 0.29870762 0.23648843 0.19886766 0.20100887 0.22779695 0.2545697 0.27192454 0.27985036 0.28031578 0.27530642 0.26661125 0.25583246 0.24437856 0.23341859 0.22380607 0.21603047 0.21025318 0.20637851 0.20403877 0.20251118 0.2007672 0.19777025 0.1929044 0.18634436 0.17920319 0.17325431 0.170065 0.16982138 0.17072891 0.16958068 0.16319082 0.15057311 0.13582356 0.12834712
0.91950903 0.9285194 0.93708871 0.94500944 0.95202748 0.95783587 0.96206934 0.96430083 0.96404104 0.96074265 0.95381073 0.94262037 0.92654228 0.90497515 0.87738221 0.84332626 0.80249471 0.75470052 0.69983578 0.63773583 0.56787965 0.48883951 0.39764266 0.29093558 0.17634608 0.10176596 0.12585993 0.2044698 0.26797782 0.30323138 0.31851089 0.32157088 0.31723993 0.30853712 0.29752346 0.28570645 0.27419943 0.26377137 0.25486848 0.24764737 0.24201213 0.23763119 0.2339551 0.23030195 0.22604301 0.22083664 0.21480764 0.20855765 0.20290252 0.19831524 0.19425267 0.18870695 0.17824191 0.1588197 0.12867781 0.094834512 0.076316745
0.96524323 0.97766026 0.98993047 1.0018537 1.0131741 1.0235705 1.032646 1.0399201 1.0448228 1.0466952 1.0447969 1.0383243 1.0264403 1.0083147 0.98317169 0.95033403 0.9092488 0.85946725 0.80053578 0.73172421 0.65146783 0.55636398 0.43986105 0.29328496 0.12336989 0.0075404671 0.054111457 0.18665103 0.28713052 0.34011996 0.36259878 0.36799475 0.36393058 0.35468553 0.34283462 0.33004559 0.31743657 0.305734 0.29534983 0.28643195 0.27890462 0.27250438 0.26682625 0.26140311 0.25582303 0.24985283 0.24350922 0.23701054 0.2305594 0.22395778 0.21613033 0.20466808 0.18552102 0.15338223 0.10512156 0.05052657 0.020746953
1.012846 1.0290762 1.0455375 1.0620519 1.0783776 1.0941943 1.1090873 1.1225321 1.1338808 1.1423543 1.1470445 1.1469293 1.1409058 1.1278411 1.1066365 1.0762935 1.0359582 0.98490764 0.92242747 0.8475053 0.75824617 0.65097527 0.5195654 0.35851908 0.18280158 0.070574698 0.1103113 0.23491434 0.33657052 0.39262335 0.41647926 0.42161977 0.4163956 0.40561726 0.3921251 0.37767383 0.3633764 0.3499226 0.33769254 0.32682439 0.31726349 0.30880626 0.30114971 0.29395418 0.28691575 0.27982743 0.27259469 0.26516838 0.25736927 0.24860248 0.23748304 0.22140286 0.19614563 0.15622055 0.09865311 0.035066339 0.0010833168
1.0620157 1.0824586 1.1036052 1.1253193 1.1473953 1.1695378 1.191338 1.2122477 1.2315541 1.248359 1.2615679 1.2698979 1.2719104 1.2660746 1.2508592 1.2248397 1.1867931 1.1357392 1.0708778 0.9913785 0.89602536 0.78292275 0.65019995 0.50075449 0.35623019 0.26968885 0.28226702 0.35551866 0.42498289 0.46651895 0.48341952 0.48422017 0.47560031 0.4618757 0.44572683 0.4288234 0.41220638 0.39650313 0.3820493 0.36896357 0.35720049 0.34659511 0.33690697 0.32786632 0.31921746 0.31074557 0.30226715 0.29356371 0.28424497 0.27353938 0.26002092 0.24130616 0.21388787 0.17383268 0.1205107 0.065610409 0.037082341
1.1123596 1.1373898 1.1636986 1.1912176 1.2198076 1.2492329 1.2791272 1.3089555 1.3379706 1.3651713 1.3892701 1.4086814 1.4215473 1.4258128 1.4193573 1.4001719 1.3665494 1.3172373 1.2515026 1.1690917 1.0701676 0.95553345 0.82792048 0.69563141 0.57813438 0.50422566 0.48885256 0.51253817 0.54246692 0.56052271 0.56407242 0.55656575 0.54208714 0.52379367 0.50383865 0.48362103 0.46401907 0.44555252 0.42848706 0.41290325 0.39874605 0.38586495 0.37404993 0.36306395 0.35266815 0.34263106 0.33271071 0.32259936 0.31182512 0.29961372 0.284729 0.26535378 0.23921455 0.20452796 0.1628409 0.12358325 0.10360748
1.1633864 1.1933295 1.2252322 1.2591251 1.2949751 1.3326532 1.3718907 1.4122244 1.4529295 1.4929463 1.5308093 1.5645982 1.5919375 1.6100759 1.6160681 1.607061 1.5806419 1.5351727 1.4700292 1.3857195 1.283978 1.1680832 1.0437625 0.9207507 0.81348923 0.73693485 0.69635686 0.68186515 0.6769635 0.67003458 0.65701175 0.63830931 0.61579955 0.59135927 0.56643729 0.54203166 0.51877688 0.49703613 0.4769738 0.45860882 0.44185504 0.42655354 0.4124998 0.39946566 0.38721348 0.37549729 0.36404555 0.35252113 0.34045927 0.32719284 0.31179267 0.29309305 0.26996699 0.24215938 0.21192715 0.18564234 0.1722679
1.2145028 1.2496069 1.2874536 1.3282096 1.3719959 1.4188513 1.4686806 1.5211814 1.5757472 1.6313482 1.6863993 1.7386403 1.785071 1.8220061 1.8453114 1.8508527 1.8351069 1.795788 1.7323075 1.6459747 1.5400229 1.4196637 1.2922799 1.1674662 1.0559766 0.96653136 0.9015815 0.85612506 0.82157223 0.79076469 0.76000082 0.72831983 0.69611506 0.66417309 0.63322779 0.60381944 0.57628509 0.55079068 0.5273692 0.50595426 0.48640772 0.46854231 0.45214013 0.43696646 0.42277715 0.40931688 0.39630622 0.3834169 0.37023964 0.35625681 0.34084751 0.32337956 0.30348134 0.28159275 0.25972031 0.24177313 0.23236243
1.2650153 1.3054182 1.3494353 1.3974083 1.4496669 1.5064932 1.5680646 1.6343653 1.7050564 1.7792965 1.8555166 1.9311735 2.0025465 2.064693 2.1117127 2.1374404 2.1365237 2.1055889 2.044025 1.9541016 1.8405963 1.7103543 1.5719063 1.4347934 1.3081356 1.1984869 1.1080058 1.0344348 0.97313527 0.91958355 0.87072529 0.82503024 0.7819652 0.74147059 0.70363324 0.66853104 0.63617779 0.60651474 0.57941963 0.55472041 0.53220905 0.51165385 0.49280955 0.47542457 0.45924395 0.44400702 0.42943917 0.41523946 0.40106921 0.38655299 0.37131246 0.35506479 0.33782135 0.32018853 0.3036504 0.29051341 0.28317551
1.3141412 1.3598358 1.4100774 1.4654204 1.5264599 1.5938048 1.6680259 1.7495614 1.838558 1.9346244 2.0364744 2.141472 2.2451487 2.3408855 2.4200835 2.4731937 2.491707 2.4705095 2.4093226 2.3122834 2.1862979 2.0397651 1.8821573 1.7234739 1.5728557 1.4368494 1.3183493 1.2168498 1.1297726 1.0540043 0.98690089 0.9266048 0.87193778 0.82216801 0.77681035 0.73549869 0.69791729 0.66376831 0.63275866 0.60459602 0.57898927 0.55565047 0.5342972 0.51465404 0.49645225 0.47942717 0.46331371 0.44784198 0.43273766 0.41773545 0.4026176 0.38729128 0.37191047 0.35701759 0.34362037 0.33306621 0.32663244
1.3610289 1.4118299 1.4681291 1.5307227 1.6005209 1.6785419 1.7658816 1.8636353 1.9727325 2.0936325 2.2258119 2.3669937 2.5121498 2.6525239 2.7753046 2.8649618 2.9070606 2.8936744 2.8267575 2.7157812 2.5716439 2.4035156 2.2203938 2.0326538 1.8507511 1.6827703 1.5330569 1.4024463 1.2894433 1.1915321 1.1061132 1.0309612 0.96433302 0.90490771 0.8516789 0.80385857 0.76080622 0.72198154 0.68691392 0.65518322 0.62640757 0.60023577 0.57634221 0.55442326 0.53419395 0.51538485 0.49773946 0.48101389 0.46498216 0.44945193 0.43429633 0.4195054 0.40525188 0.39194809 0.38024705 0.37093488 0.36470548
1.40479 1.4603069 1.5222322 1.5916156 1.6697114 1.7580091 1.85825 1.9724022 2.1025412 2.2505427 2.4174385 2.6022437 2.8001064 2.9999228 3.1823698 3.3207394 3.3879983 3.3705651 3.2791729 3.1407411 2.9753207 2.7874092 2.5786688 2.3580966 2.1393689 1.9343942 1.7501223 1.5887442 1.4492884 1.3292355 1.2256414 1.1357428 1.0571946 0.98810135 0.92696032 0.87258117 0.82401075 0.78047255 0.74132095 0.70600804 0.67405992 0.64506005 0.61863745 0.59445828 0.57221974 0.5516457 0.53248447 0.51450964 0.49752587 0.481382 0.4659931 0.45137072 0.43765421 0.42512751 0.41419846 0.40532241 0.39887712
1.4445427 1.504165 1.5709918 1.646309 1.731706 1.8291574 1.9411162 2.070597 2.2211942 2.3969043 2.6014971 2.8369972 3.1006734 3.3800624 3.6467043 3.8527841 3.9412282 3.8809662 3.7098183 3.5151064 3.3408674 3.1599066 2.9420051 2.6919842 2.4332791 2.187042 1.9651654 1.7715683 1.6053845 1.4635481 1.3423658 1.238312 1.1483467 1.0699806 1.0012265 0.94051273 0.88659389 0.83847367 0.79534357 0.75653626 0.7214912 0.68972971 0.66083713 0.63445008 0.61024752 0.58794488 0.56729101 0.54806846 0.53009757 0.51324533 0.49743869 0.48268012 0.46905995 0.45675618 0.44601143 0.43708201 0.43016686
1.4794639 1.5423658 1.6130732 1.6930527 1.784162 1.888791 2.0100557 2.1520518 2.320138 2.5211251 2.7630334 3.0536599 3.3965566 3.7823457 4.1736334 4.4866905 4.5913807 4.385877 3.9702142 3.65254 3.5471936 3.4713917 3.2933988 3.0257747 2.7250714 2.4335348 2.1715697 1.9450911 1.7527329 1.5902558 1.4527863 1.3357994 1.2354605 1.148666 1.0729622 1.0064279 0.94755796 0.89516496 0.84830013 0.80619384 0.7682112 0.73382 0.70256753 0.67406428 0.64797241 0.62399828 0.60188809 0.5814267 0.56243948 0.54479696 0.52842159 0.51329422 0.49945668 0.48700552 0.47607238 0.46679057 0.45925358
1.5088466 1.574016 1.6473199 1.7303066 1.8249635 1.9339074 2.060682 2.2102186 2.3895144 2.6085128 2.8809066 3.2238994 3.6545598 4.1780824 4.7602939 5.2760316 5.4455527 4.8937021 3.7360743 3.1306746 3.41525 3.6960589 3.635308 3.3564867 3.0064802 2.6643069 2.3605853 2.1019999 1.8854298 1.7046477 1.5531547 1.4252234 1.3161606 1.2222592 1.1406425 1.0690924 1.0058946 0.94971352 0.89949427 0.85439099 0.81371368 0.77689031 0.74343969 0.71295239 0.68507732 0.65951281 0.63600101 0.61432514 0.59430915 0.57581918 0.5587657 0.54310491 0.5288367 0.51599693 0.50464217 0.49482765 0.48658218
