Data/TMD/tiff/2019-10-31.sdat
NCOLS 85
NROWS 151
XLLCORNER 97.2937
YLLCORNER 5.5627378
DX 0.098742119
DY 0.099019249
NODATA_VALUE -9999
[rows 50 to 74 of 151, columns 0 to 56 of 85]
0.20887853 0.21137044 0.21444428 0.21811825 0.2223714 0.22711561 0.23215574 0.2371386 0.24150006 0.24443674 0.24495349 0.24205338 0.23510098 0.22425057 0.21062592 0.19591175 0.181479 0.16780232 0.1546973 0.14191133 0.12938764 0.11716015 0.10515772 0.093053185 0.080150442 0.065423744 0.048665247 0.035173452 0.034272679 0.042680992 0.049778476 0.045252388 0.035886036 0.034519823 0.037552019 0.036928177 0.031382823 0.022786306 0.016536787 0.017809004 0.022677701 0.027381834 0.030623352 0.032026773 0.031718189 0.030031389 0.027578474 0.025468308 0.024862673 0.025765286 0.027154733 0.028217856 0.028665136 0.028471239 0.027688493 0.026374504 0.024574066
0.21903187 0.22284255 0.22757119 0.23332551 0.2401919 0.24820307 0.25728348 0.26716472 0.27726962 0.28658687 0.29360701 0.29645441 0.29335485 0.28338863 0.26710264 0.24640784 0.22371933 0.20102803 0.17953595 0.15979628 0.14196262 0.12593611 0.11140371 0.097773283 0.083906349 0.067334395 0.042764872 0.011133261 0.027042928 0.062358014 0.064703545 0.041306216 0.013544597 0.018239678 0.032492452 0.036305707 0.032939539 0.026243736 0.019365159 0.016255243 0.019814647 0.025592017 0.029750021 0.031734047 0.031961223 0.030984156 0.029432934 0.028017017 0.027304212 0.0274096 0.028004015 0.028625567 0.028923293 0.028705736 0.027885719 0.026408284 0.024199074
0.2291728 0.23437574 0.24089559 0.24896861 0.25884939 0.27078363 0.28494797 0.30133257 0.31953479 0.33844652 0.35589343 0.36847382 0.37207968 0.36345539 0.34216673 0.31127204 0.27579846 0.24037938 0.20792068 0.17962158 0.15558464 0.13537754 0.11835238 0.10372746 0.090377738 0.075956089 0.054633614 0.024780707 0.056660805 0.11258887 0.097138402 0.049050475 0.0065957834 0.014446813 0.032279123 0.036763977 0.033529451 0.025250738 0.011981158 0.0033621057 0.012671525 0.023232301 0.028948241 0.031358384 0.031716862 0.03075876 0.02909328 0.027410669 0.026416388 0.026442439 0.027189086 0.028061107 0.028593842 0.028539592 0.027776457 0.026200794 0.023633142
0.23908427 0.24568975 0.2540581 0.26459356 0.27778712 0.29421327 0.31449235 0.33917272 0.36844782 0.40157916 0.43593153 0.46587679 0.4827542 0.47783781 0.44808378 0.39937354 0.34280253 0.28809321 0.24044133 0.20122103 0.16981591 0.14496053 0.12540107 0.11014142 0.09852086 0.090387661 0.087661212 0.10497638 0.18604582 0.23776313 0.15596775 0.080985969 0.041883964 0.035101385 0.038370016 0.038382961 0.034432772 0.026088445 0.012309035 0.0034267614 0.012909966 0.023483238 0.028938103 0.031060569 0.031086025 0.029554668 0.026874195 0.023876541 0.022137196 0.022699084 0.02462654 0.026507655 0.027690717 0.028008721 0.027434193 0.02591764 0.023272229
0.24852504 0.25645936 0.26661895 0.27960601 0.29620778 0.31744496 0.34460678 0.37921857 0.42280097 0.47610196 0.53724338 0.59839039 0.64270821 0.64830563 0.60415571 0.52282584 0.43003699 0.34544629 0.27668113 0.22370224 0.18373461 0.1537911 0.13153114 0.11546066 0.10507245 0.10145205 0.10957498 0.14515925 0.23429963 0.28091982 0.17938819 0.099830683 0.062473492 0.047471052 0.041968254 0.039013922 0.03547996 0.029868674 0.022446099 0.018213208 0.021356404 0.026378437 0.029574014 0.030790465 0.030214361 0.027750664 0.023211314 0.01724921 0.013610748 0.0159338 0.020610624 0.024242182 0.026367343 0.027174328 0.026867125 0.025571067 0.023228769
0.25724835 0.26633925 0.2780895 0.29330704 0.3131032 0.33901979 0.37319774 0.41856167 0.47888616 0.55827345 0.6587179 0.77311648 0.87293128 0.90606942 0.83699584 0.69442189 0.53982802 0.41062347 0.31418156 0.24504492 0.19583262 0.16066705 0.13557407 0.11817902 0.10748632 0.10404418 0.11071491 0.1332599 0.17119597 0.18254395 0.13764822 0.089363862 0.059207887 0.043442852 0.037676767 0.036396008 0.035119476 0.032481977 0.029103289 0.026874158 0.026950637 0.028331595 0.029711998 0.030261247 0.029297588 0.026097148 0.019726154 0.0097515855 0.0024981492 0.0083933125 0.016651698 0.021912722 0.024885175 0.026085936 0.025955263 0.024912625 0.023131904
0.26502724 0.2750013 0.2879872 0.30497319 0.32736586 0.3572064 0.39750816 0.45276517 0.52962482 0.63737071 0.78641982 0.97857015 1.1768584 1.2717959 1.1616901 0.91165984 0.66234424 0.4750487 0.34738641 0.2619523 0.20412384 0.16427414 0.13652396 0.11744756 0.10525408 0.099354283 0.10002628 0.10722923 0.11633672 0.11429225 0.094560594 0.067705064 0.042362045 0.024823557 0.02439369 0.03021536 0.032778722 0.032468448 0.030610507 0.028396732 0.02694549 0.027042824 0.028274061 0.0291866 0.028520864 0.025396472 0.019004384 0.009298054 0.0022579576 0.0075557931 0.014566752 0.020022911 0.02347208 0.024726711 0.024364566 0.023335217 0.022243534
0.27168304 0.28217944 0.29590778 0.31397478 0.33798573 0.37032881 0.41465071 0.47665588 0.56540727 0.69514078 0.88616068 1.1563151 1.473973 1.6612976 1.5009504 1.1148141 0.76228236 0.52110157 0.36799236 0.27045743 0.20659256 0.16349096 0.1337313 0.11304854 0.099000599 0.09016361 0.0855224 0.083810834 0.082640176 0.078219194 0.067613259 0.050606119 0.026952182 0.0028809434 0.0099592029 0.024070267 0.029598909 0.030751912 0.029014205 0.02503026 0.020962201 0.021062342 0.024634403 0.027487944 0.027935429 0.025655024 0.020604756 0.013825636 0.0084510502 0.0069138202 0.01186458 0.018386453 0.022297685 0.023009146 0.021419993 0.019598528 0.019393901
0.2771114 0.28771264 0.30159843 0.31990497 0.34428653 0.37721653 0.42249802 0.4861396 0.57783269 0.71318136 0.9155104 1.208565 1.5657372 1.7880995 1.60993 1.1741692 0.78686479 0.52898193 0.36846966 0.26753647 0.20194026 0.1577459 0.12701435 0.10516287 0.089504793 0.078305005 0.070035577 0.06333639 0.058221667 0.055186084 0.051039308 0.041719068 0.026382013 0.011459611 0.01376305 0.0212255 0.026470949 0.02854372 0.026403613 0.018917891 0.0086344621 0.0099492927 0.019592327 0.025683899 0.027585406 0.026368473 0.022449232 0.015889119 0.006175619 0.00018578447 0.0089154758 0.017791074 0.021755339 0.021002496 0.016367519 0.011780236 0.013040988
0.28129983 0.29157456 0.30501004 0.32267598 0.34611206 0.37758606 0.42051532 0.48014973 0.5646161 0.68617276 0.86103623 1.1000357 1.3680982 1.5150956 1.3724405 1.035929 0.71800177 0.49331273 0.34735974 0.25289654 0.19023705 0.1472724 0.11673145 0.094243797 0.077331313 0.064638851 0.05441565 0.043687934 0.034068768 0.03453183 0.038783457 0.036637389 0.028641301 0.018931729 0.011000638 0.014421426 0.02288071 0.026730446 0.025036206 0.016397721 0.0026998417 0.0048913441 0.017699843 0.025019505 0.027616397 0.027276652 0.02454437 0.01925035 0.011609153 0.0076874368 0.013283191 0.019851204 0.022353381 0.019653582 0.011097164 0.0019864484 0.005281511
0.28433196 0.2938809 0.30631036 0.32254376 0.34387498 0.37214371 0.40999293 0.46121848 0.53113029 0.62647822 0.75328285 0.90798537 1.0559588 1.1154421 1.0185197 0.811396 0.59735248 0.42939835 0.3108134 0.22931868 0.17293337 0.13305099 0.10378858 0.081091877 0.062716238 0.048898414 0.039725105 0.02730509 0.0080943264 0.013899624 0.029461178 0.032709098 0.027896256 0.016951983 0.0014009965 0.0081095697 0.020920652 0.025997342 0.025627797 0.020719809 0.014113341 0.014776715 0.021128285 0.025789389 0.027887661 0.028090831 0.026708988 0.023852035 0.020311874 0.018734273 0.020737392 0.02358559 0.024231849 0.020804072 0.012257843 0.0036032837 0.0066697837
0.28637755 0.29487227 0.30585341 0.32005077 0.33844385 0.36234812 0.39351044 0.43416653 0.48690619 0.55392133 0.63467291 0.72059263 0.78787755 0.79971383 0.73390618 0.61125539 0.47617775 0.35902843 0.26827688 0.20112005 0.15209706 0.11627732 0.089425873 0.067335683 0.046439249 0.028454086 0.023974712 0.022227815 0.0074216952 0.012720773 0.026781566 0.030264447 0.027302202 0.020864214 0.014092386 0.01636833 0.022810868 0.026286057 0.026614405 0.024727731 0.022496983 0.022373995 0.024279847 0.026347837 0.02768738 0.028230039 0.028024057 0.027139537 0.026020232 0.025585431 0.026273548 0.027214698 0.026992893 0.024448931 0.019441319 0.015118773 0.016457335
0.28767091 0.2948779 0.30411626 0.31591115 0.3309248 0.34997373 0.3740147 0.40404236 0.44077453 0.4838932 0.53054094 0.57313447 0.59818351 0.59027571 0.54283315 0.46568637 0.37823062 0.29639984 0.22742454 0.17225701 0.12942853 0.09732854 0.074121323 0.055481008 0.034214177 0.0080473602 0.0060485364 0.021598038 0.022799709 0.024564811 0.028321616 0.028327116 0.02527731 0.021953207 0.020595675 0.021891897 0.024542729 0.0264347 0.026668033 0.025421539 0.023754917 0.023113592 0.023886226 0.025100574 0.026087875 0.02697327 0.027787515 0.028323993 0.028618241 0.028967767 0.02951624 0.029970918 0.02977845 0.028516225 0.026403271 0.024846387 0.025494871
0.28848333 0.29427093 0.30162428 0.31088212 0.32243374 0.3366966 0.35405305 0.37470635 0.39839254 0.4238772 0.44824566 0.46630601 0.47100813 0.45596729 0.41948152 0.36653762 0.30615392 0.24657541 0.19257069 0.14570663 0.10613187 0.074877998 0.054974192 0.044839002 0.032901454 0.015883515 0.013615471 0.022679583 0.026884527 0.028511045 0.028272262 0.025276079 0.019724434 0.014875321 0.016611751 0.020819791 0.023948751 0.025658737 0.025569815 0.023305806 0.019530603 0.017820516 0.019818723 0.021598083 0.022210308 0.023511801 0.025635939 0.027512302 0.02888061 0.029977031 0.030901452 0.031536554 0.03172547 0.031454567 0.030981338 0.030864739 0.031631512
0.28909576 0.29342619 0.29888516 0.30566007 0.31393323 0.32384497 0.33542348 0.34846234 0.36232721 0.3756962 0.38631232 0.39096853 0.38607045 0.36894377 0.33934448 0.29996481 0.25528143 0.20958999 0.16561175 0.1241932 0.084933584 0.048713824 0.025741194 0.028613021 0.032686556 0.026140471 0.018869642 0.01810948 0.024509155 0.027762726 0.026489293 0.021677254 0.013072456 0.0018159554 0.0089342189 0.017590973 0.022073176 0.024228006 0.0239724 0.019912438 0.010758748 0.0062787372 0.013739122 0.016512569 0.014670912 0.01683188 0.021661163 0.02504251 0.027216881 0.0290858 0.030674082 0.031714529 0.032218027 0.03251779 0.033013315 0.033934758 0.035319363
0.28977634 0.29268826 0.29634409 0.30081988 0.30615759 0.31232916 0.31917964 0.32634435 0.33314283 0.33847334 0.34077116 0.33813774 0.32874208 0.31145762 0.28644214 0.25523465 0.22020168 0.18363716 0.14698833 0.11040431 0.072561358 0.032090578 0.001370128 0.013938467 0.030587457 0.02576893 0.0078223177 0.0039595094 0.020368864 0.026157968 0.024385349 0.018919556 0.011487071 0.0055824546 0.009160478 0.015557243 0.020042434 0.022652334 0.02285195 0.018749788 0.0077914027 0.0019275747 0.011731873 0.011754558 0.0030467242 0.0082005669 0.017473536 0.021222705 0.023336126 0.026269645 0.028995103 0.030420266 0.030713684 0.030961037 0.03216777 0.034358575 0.036959706
0.29076538 0.29235274 0.29436236 0.29679562 0.29960965 0.30268902 0.30580707 0.30857835 0.3104108 0.31047865 0.30775201 0.30112549 0.28966306 0.27290473 0.25109437 0.22517295 0.1964953 0.16639261 0.13576539 0.10482371 0.073139694 0.041386977 0.019922203 0.025136373 0.033708259 0.028955792 0.016037645 0.013247433 0.022731912 0.025668262 0.02251955 0.01647535 0.0089940991 0.00024298272 0.0078431469 0.013662867 0.017842061 0.021014499 0.022344021 0.020696459 0.015948937 0.013491934 0.015721107 0.012523877 0.0039437629 0.008684214 0.015626645 0.014820152 0.015548604 0.021379516 0.026354342 0.027793998 0.026429004 0.025328512 0.027427223 0.031991121 0.036823249
0.29226785 0.29265955 0.29321495 0.29389021 0.29459812 0.29518881 0.29542674 0.29496766 0.29334331 0.28996736 0.2841796 0.27534172 0.26297893 0.24692943 0.22743654 0.2051251 0.18085609 0.15551973 0.129864 0.10446922 0.080072374 0.05870024 0.044997721 0.040963019 0.039081014 0.034444715 0.028855786 0.026622508 0.027267672 0.025794171 0.020913489 0.013912781 0.007413064 0.0050637858 0.0075286149 0.010636758 0.014944594 0.019148039 0.021757067 0.0222839 0.021167878 0.020118438 0.01974018 0.018064625 0.015506937 0.016207532 0.014701818 0.0048904065 0.0045836745 0.016445128 0.024195212 0.024493247 0.018648325 0.013757133 0.018011527 0.027293033 0.035620337
0.29445199 0.29379506 0.29310022 0.29229965 0.29128847 0.28991297 0.28795891 0.28514308 0.28111373 0.27546697 0.26778631 0.25770727 0.24499825 0.22963549 0.21184169 0.19206697 0.17091531 0.14905024 0.12713305 0.10585439 0.086105413 0.06917542 0.056286635 0.047001244 0.039736441 0.034693793 0.031943404 0.03030923 0.028762866 0.025705085 0.019993016 0.011870616 0.0030457424 0.0013225528 0.0044960707 0.0039629634 0.01157859 0.017271099 0.020794833 0.02233633 0.021992393 0.02065598 0.020191335 0.020989833 0.021583578 0.021218319 0.016781212 0.0064667633 0.0061498825 0.017460215 0.024473482 0.022428096 0.010951453 0.0011976034 0.0088554086 0.02351959 0.035085584
0.29745215 0.29589945 0.29415506 0.29214126 0.28975122 0.28684279 0.28323391 0.27870195 0.2729904 0.26582627 0.25695051 0.24616004 0.23335435 0.21857427 0.20201883 0.18403211 0.16506395 0.14562142 0.12623339 0.10744068 0.08978184 0.073649233 0.058869412 0.044511129 0.031088596 0.024909318 0.026676368 0.027377959 0.027010585 0.025258283 0.020451214 0.013116709 0.0056711829 0.0016159795 0.0044218088 0.0042205866 0.010512245 0.015823969 0.019496842 0.02135987 0.020005928 0.014980014 0.013407218 0.019014577 0.023698157 0.025140435 0.023119063 0.018996551 0.019091694 0.024278827 0.02767936 0.024500799 0.01360973 0.0048815462 0.011741044 0.02563274 0.03719501
0.30137393 0.29907619 0.29647111 0.2934795 0.29000071 0.28591011 0.28105857 0.27527543 0.26837677 0.2601805 0.25052837 0.23931311 0.22650573 0.21217619 0.19650061 0.17975146 0.1622727 0.14444596 0.12665263 0.10922419 0.092344923 0.075836079 0.058763636 0.039061418 0.01562536 0.0052263534 0.017614307 0.018349633 0.02077698 0.024041281 0.02183235 0.016268269 0.010689441 0.0076265054 0.0044697913 0.0025770177 0.010087003 0.013635586 0.017347023 0.020130824 0.017828796 0.0063714328 0.0020486689 0.015427316 0.024765444 0.02868758 0.029438991 0.028944971 0.029550907 0.031626428 0.032787802 0.030549104 0.024795439 0.020785262 0.024557297 0.033362025 0.042146733
0.3063001 0.30340157 0.30010926 0.29634686 0.29202314 0.28703168 0.28125236 0.27455569 0.26681076 0.25789722 0.24772092 0.2362315 0.22343876 0.20942396 0.1943424 0.17841534 0.16191138 0.1451184 0.12830465 0.11166018 0.095198305 0.078587583 0.060898506 0.040447321 0.017099125 0.0070946854 0.014951585 0.0028171251 0.010804593 0.022786751 0.023469154 0.018612809 0.011125653 0.0047022582 0.0070846183 0.0073170481 0.0087688081 0.0061949868 0.013440704 0.01939607 0.019312756 0.011920367 0.009263393 0.019034298 0.027611225 0.032296828 0.034508378 0.035594666 0.036620225 0.037819468 0.038447205 0.037647188 0.035705087 0.034813944 0.037218108 0.042424548 0.048450394
0.31229641 0.30893322 0.30511143 0.30075935 0.29579549 0.29012953 0.28366476 0.27630259 0.26794942 0.2585259 0.24797803 0.23628871 0.2234879 0.20965894 0.19493907 0.1795128 0.16359767 0.14742213 0.13119426 0.11505812 0.099035885 0.082967339 0.066520781 0.049609057 0.034252623 0.026137714 0.02105122 0.010376672 0.015639952 0.024890573 0.025830653 0.021127173 0.011979738 0.0030944731 0.009302714 0.010644362 0.0079453073 0.0019645551 0.012257555 0.01999012 0.022830898 0.022189862 0.022592157 0.026989115 0.032231358 0.036152162 0.038679305 0.040335033 0.041626964 0.042755769 0.043572856 0.043892283 0.043964349 0.044648857 0.046788403 0.050377686 0.054720881
0.31941654 0.31571696 0.31150959 0.30672742 0.30129739 0.29514204 0.28818219 0.2803412 0.27155064 0.2617574 0.25093165 0.23907467 0.22622538 0.2124641 0.19791241 0.18272836 0.16709666 0.15121412 0.13527064 0.11942746 0.10379885 0.088458663 0.073530159 0.059467732 0.047423647 0.038395607 0.031110128 0.025792206 0.026031001 0.028847025 0.029006677 0.025304733 0.019148237 0.014197796 0.011055394 0.006614165 0.0091217666 0.011444974 0.016345201 0.021957504 0.025851294 0.028138877 0.030249899 0.033276868 0.036739212 0.039771905 0.042061205 0.04373832 0.045081963 0.04630388 0.047472157 0.048597691 0.04980693 0.051410686 0.053719487 0.056776034 0.060333769
0.32770622 0.32379202 0.31933205 0.314263 0.30851817 0.3020293 0.29472927 0.28655587 0.27745646 0.2673935 0.2563503 0.24433658 0.23139288 0.21759298 0.20304385 0.18788267 0.17227131 0.15638916 0.14042597 0.12457766 0.10904919 0.094068997 0.079914755 0.066919275 0.055320216 0.044790056 0.034383375 0.025218734 0.024125691 0.029506522 0.031954305 0.029858724 0.025037845 0.019051129 0.010631403 0.0011218137 0.0047898521 0.01201951 0.018413009 0.023590599 0.027788953 0.031184463 0.034215786 0.037230021 0.040133015 0.042590613 0.044419352 0.045729903 0.046838266 0.048071558 0.049603945 0.051443449 0.053551974 0.055949736 0.058695892 0.061793577 0.065145067
