Data/TMD/tiff/2019-10-30.tif
NCOLS 85
NROWS 151
XLLCORNER 97.2937
YLLCORNER 5.5627378
DX 0.098742119
DY 0.099019249
NODATA_VALUE -9999
[rows 25 to 49 of 151, columns 0 to 56 of 85]
0.13416645 0.11906024 0.10154736 0.081518476 0.060211798 0.042054822 0.034854111 0.042785658 0.059066936 0.073572672 0.082031107 0.084876052 0.083771543 0.080160883 0.075042138 0.069065384 0.062673173 0.056293689 0.050616826 0.046669653 0.045162213 0.045785623 0.048234813 0.052662105 0.057550556 0.060031957 0.058040374 0.05134956 0.043653585 0.044708947 0.058322794 0.076731542 0.094141533 0.1091762 0.12210808 0.13353451 0.14394883 0.15360529 0.16251001 0.17049709 0.17737693 0.18314628 0.18821696 0.1935333 0.20037225 0.20973584 0.22162011 0.23467779 0.24645013 0.25378427 0.25292414 0.23911175 0.20646868 0.1520472 0.092822017 0.07801724 0.12850185
0.13992129 0.12661959 0.11194412 0.096251627 0.080913099 0.068924292 0.064127696 0.067765385 0.076142405 0.083975489 0.088443542 0.089282796 0.087265446 0.083253974 0.077901185 0.071614635 0.064619602 0.057192267 0.050272489 0.04609349 0.04661348 0.050559603 0.055383446 0.059827569 0.06294735 0.063506071 0.060937353 0.056793544 0.055069196 0.059529129 0.070606444 0.085559633 0.10122508 0.11584789 0.12892707 0.14053512 0.15085305 0.15994415 0.16767611 0.17374818 0.17783126 0.17985757 0.18045568 0.18132678 0.18504442 0.19383947 0.20795755 0.22507359 0.24120898 0.25194801 0.2527248 0.23782794 0.19870892 0.12605817 0.035165134 0.0089300906 0.086609086
0.14652528 0.13506002 0.12303814 0.11096912 0.099938471 0.091629301 0.08762767 0.0880376 0.090931716 0.0937087 0.09470475 0.09347584 0.090258786 0.085472554 0.079461325 0.072348444 0.063878098 0.053379458 0.040953035 0.03195165 0.035510769 0.047083887 0.057010653 0.063111455 0.065629593 0.064165495 0.057937322 0.048543445 0.0447324 0.054413478 0.071737279 0.089911941 0.10678741 0.12186512 0.13511809 0.14667941 0.15665006 0.16496459 0.17131386 0.17513697 0.17574342 0.17270209 0.1666468 0.16032395 0.15876665 0.16690451 0.18550513 0.21002501 0.23359093 0.25012713 0.25508937 0.24404181 0.21033748 0.1462536 0.06468097 0.04106666 0.11325587
0.15338162 0.14346505 0.13347929 0.12387477 0.11535679 0.10876203 0.10465924 0.10285097 0.10230214 0.10169766 0.10007919 0.097038015 0.092550648 0.086759785 0.079822885 0.071739913 0.06191322 0.048268254 0.027690714 0.0079114884 0.016120908 0.040084585 0.056439809 0.064392705 0.066537295 0.063041236 0.051103356 0.028550909 0.014847748 0.035576411 0.066667215 0.091888846 0.1115453 0.12753232 0.14091727 0.15222264 0.16163137 0.16901267 0.17386864 0.17527025 0.171896 0.1624478 0.14693996 0.12912721 0.11833521 0.12545602 0.1523527 0.18930996 0.22397605 0.24805954 0.25814832 0.25342179 0.23262926 0.19531974 0.15432576 0.14498044 0.18382969
0.16008966 0.15132256 0.14270688 0.13456788 0.12731395 0.12132707 0.11676923 0.1134149 0.1106769 0.10784425 0.10433725 0.099804156 0.094075812 0.087100914 0.078950985 0.069849747 0.059821115 0.047110323 0.027009043 0.0056812421 0.014756518 0.040724769 0.057686127 0.065156435 0.066478483 0.062422827 0.049336818 0.021235944 0.0018600529 0.029255539 0.067574501 0.09636752 0.11737847 0.13359875 0.14667089 0.15738085 0.16599698 0.17235826 0.17580769 0.1750254 0.16787416 0.15164382 0.1246903 0.090837846 0.065130702 0.070595433 0.11121274 0.16626874 0.21482735 0.24587775 0.25819546 0.256754 0.24599208 0.22520254 0.19816514 0.18458098 0.20795895
0.1664481 0.1584506 0.15065975 0.14328558 0.13654771 0.1306064 0.12547641 0.12097511 0.11675426 0.11240142 0.10753375 0.10182126 0.094951149 0.086612493 0.076636462 0.065489078 0.054973842 0.046954002 0.038971553 0.031404779 0.036620363 0.050819181 0.061241407 0.065156956 0.064537372 0.061421225 0.05503324 0.042216947 0.034750786 0.052581165 0.081226499 0.10618278 0.12556178 0.1406403 0.15262933 0.16225614 0.16979828 0.1750972 0.17744429 0.17528868 0.16581685 0.14483414 0.10844082 0.059498017 0.017076048 0.020833043 0.077185344 0.15074801 0.21149694 0.24428462 0.24931256 0.24106804 0.23585739 0.22244369 0.17135591 0.11090465 0.14322539
0.17240417 0.16486779 0.15750555 0.15044237 0.14378845 0.13760216 0.1318551 0.12642059 0.12109657 0.1156448 0.10980577 0.10325692 0.095517847 0.085852464 0.073307806 0.057421651 0.041249671 0.034972956 0.041042505 0.047455285 0.053538031 0.060323789 0.064027444 0.062585257 0.057689615 0.053758443 0.05462868 0.058980243 0.06599781 0.080479371 0.10047508 0.11990464 0.13601761 0.14875783 0.15881573 0.16676601 0.17285895 0.17699461 0.17861064 0.17631018 0.16720296 0.146427 0.10865397 0.055649846 0.0093830659 0.01290009 0.074614185 0.15641885 0.220468 0.24453018 0.22304897 0.18337632 0.18470829 0.20701946 0.13854111 0.011059655 0.066232184
0.17799737 0.17069187 0.16348577 0.15644523 0.14961785 0.14301574 0.1366058 0.13031536 0.12405221 0.11772018 0.11119494 0.1042225 0.096223008 0.086013072 0.071474444 0.049526195 0.020509088 0.0083316765 0.030832548 0.051016844 0.061046111 0.065578439 0.064496755 0.056502891 0.043717535 0.033689049 0.037651189 0.057296846 0.079600594 0.10038583 0.11956608 0.13578578 0.1483543 0.15782745 0.16506782 0.17063267 0.17472193 0.1773267 0.17826994 0.17686189 0.17103097 0.15653048 0.12826997 0.087018731 0.050946399 0.057524813 0.11515741 0.19001035 0.24607937 0.25281774 0.18575291 0.073292934 0.075732535 0.19612954 0.20079975 0.10946677 0.16246684
0.18331735 0.1760805 0.16884897 0.16164686 0.15448168 0.14733943 0.14018878 0.13299902 0.12577034 0.11855938 0.11145794 0.10445449 0.09711836 0.0881399 0.07485295 0.053082463 0.021695643 0.0076787078 0.032672057 0.054139158 0.064833113 0.068568546 0.064354147 0.049742152 0.027006134 0.0094676473 0.01197454 0.049328031 0.08820503 0.11910769 0.14114628 0.15502511 0.1630246 0.16783546 0.17112704 0.17342722 0.1746772 0.17481937 0.17422614 0.17359927 0.1727266 0.16882082 0.15757951 0.1392203 0.12616277 0.13950537 0.18545413 0.24542819 0.29050053 0.28746358 0.20047004 0.052148773 0.053803761 0.23761478 0.34150256 0.35395117 0.40941359
0.18847783 0.18120272 0.17383046 0.16635095 0.1587382 0.15095105 0.14294428 0.134697 0.12626517 0.11785627 0.10988745 0.10289534 0.097080987 0.091514276 0.083678644 0.070376457 0.052485757 0.043262258 0.048402827 0.057214917 0.066487028 0.071277375 0.066880645 0.049586828 0.019775199 0.00079261058 0.017521508 0.058444076 0.10773666 0.14861435 0.17331897 0.18177412 0.18133533 0.17877672 0.17660398 0.17465433 0.17195727 0.16785523 0.1630895 0.16071446 0.16432107 0.17301432 0.18133427 0.18688586 0.19579097 0.21888172 0.26046041 0.3118109 0.35424943 0.36308351 0.31622965 0.24124727 0.26460112 0.41138554 0.54443654 0.62442268 0.69633665
0.19360182 0.18622708 0.1786506 0.17083049 0.16270494 0.15419234 0.14520039 0.13565478 0.12556855 0.11519063 0.10526781 0.097291814 0.093077976 0.092936805 0.094146997 0.092145732 0.082074667 0.061897687 0.041773234 0.046353903 0.063910592 0.074460907 0.073860807 0.061579148 0.04085744 0.030608723 0.049369972 0.091158003 0.14802819 0.20274793 0.22910666 0.22191913 0.20401834 0.18988357 0.18076473 0.17388954 0.1662277 0.15536725 0.14109441 0.12988518 0.13504535 0.15921788 0.18963703 0.21801434 0.24664321 0.28207683 0.32804856 0.38152956 0.43301948 0.46977203 0.48482006 0.4984593 0.56246749 0.68959269 0.82712712 0.9366681 1.0166765
0.19881313 0.19131642 0.18351713 0.17534243 0.16669059 0.1574241 0.14736505 0.13630028 0.12402287 0.11049394 0.096353193 0.084123588 0.079285167 0.086522662 0.10236484 0.11849015 0.11883337 0.071153072 0.0060777472 0.024384367 0.061350229 0.079411584 0.083929001 0.079879055 0.072625619 0.072842781 0.091568799 0.13387162 0.2038645 0.28955376 0.32049726 0.27541436 0.22694452 0.19827255 0.18229829 0.17094649 0.15830553 0.13908841 0.108657 0.074823826 0.076306696 0.12489304 0.18307564 0.2339904 0.28069756 0.32978613 0.38577608 0.44942989 0.51808954 0.58810731 0.66025231 0.74682596 0.86778981 1.0252871 1.1893988 1.3211432 1.3987699
0.20423046 0.19662382 0.18862442 0.18013144 0.1710041 0.16104432 0.14996938 0.13736924 0.12264981 0.10501992 0.083876253 0.061091701 0.047822142 0.06324123 0.10263142 0.14845957 0.18322248 0.12673842 0.039200322 0.043472233 0.071815172 0.088235048 0.094724178 0.09624001 0.09731522 0.10407827 0.12382222 0.1649537 0.24132326 0.35452358 0.39345629 0.30843805 0.23565879 0.19868711 0.17958229 0.16591247 0.15010041 0.12544113 0.082228796 0.020967742 0.015938102 0.093093892 0.17533848 0.24342162 0.30438589 0.36599198 0.43378305 0.51118141 0.60024946 0.70341968 0.82623843 0.97925724 1.1734791 1.4049982 1.6375806 1.8079453 1.8732787
0.2099625 0.2022877 0.19414785 0.18542119 0.17593804 0.16545531 0.15361068 0.13983656 0.12319775 0.10211669 0.074184176 0.038172494 0.0080252053 0.027834664 0.090674035 0.15035576 0.18798183 0.15248289 0.097097037 0.08309722 0.090666645 0.098889237 0.10338243 0.10666875 0.11156604 0.12101555 0.1392296 0.17213249 0.22825077 0.30418894 0.32991572 0.27143325 0.21628924 0.18738546 0.17184286 0.15898759 0.14238612 0.11830077 0.08368673 0.039207861 0.037580275 0.10401838 0.18251359 0.25469252 0.32325723 0.39391504 0.47212992 0.56293161 0.67156383 0.80478968 0.97267319 1.1896585 1.4715973 1.8215545 2.1918685 2.4444646 2.4689731
0.21610357 0.20842633 0.20023525 0.19139819 0.18173454 0.17098972 0.15878926 0.1445531 0.12733671 0.10557474 0.076975533 0.040819308 0.011752858 0.030029774 0.08415703 0.12714826 0.14580554 0.13479869 0.1141914 0.10449274 0.1042306 0.10527834 0.1051496 0.10880197 0.11685028 0.12753182 0.14207878 0.16248682 0.18906251 0.21412113 0.21644051 0.19431313 0.17540193 0.16639417 0.1602515 0.1507377 0.13349315 0.10754211 0.081741417 0.073509512 0.090628062 0.13694394 0.20052501 0.26883375 0.33930701 0.41477989 0.50007304 0.60109322 0.72518059 0.88218936 1.0861991 1.3576978 1.7256715 2.2255478 2.8531379 3.3226739 3.1872354
0.22273052 0.21513366 0.20699993 0.19819777 0.18855473 0.17784056 0.16574055 0.1518154 0.13545506 0.11590356 0.092757379 0.06841842 0.054029122 0.064933372 0.092014427 0.11421445 0.12446113 0.12349609 0.11776014 0.11351185 0.11093347 0.10612743 0.10034333 0.10580214 0.11796513 0.12915477 0.13931876 0.14828818 0.15245241 0.14380966 0.12099051 0.11116465 0.1257391 0.14139502 0.14771071 0.14303907 0.12438855 0.086833467 0.038138388 0.035654902 0.091345507 0.15325098 0.21625594 0.28198905 0.35156839 0.42798165 0.51602375 0.62221803 0.75520816 0.92657334 1.1521754 1.4543731 1.8668854 2.4539043 3.3842211 4.5648951 3.8008884
0.22990139 0.22247812 0.21451917 0.20590148 0.19647308 0.18604838 0.17440653 0.16130316 0.14652808 0.13010397 0.1128512 0.097543565 0.089458991 0.092030062 0.10079845 0.10913146 0.1147273 0.11754259 0.11835844 0.11800626 0.11590848 0.11049593 0.10534941 0.11044222 0.12125609 0.13014391 0.13571252 0.13638986 0.12661956 0.095201056 0.041723632 0.030723602 0.080057425 0.12011136 0.13786227 0.13870485 0.12223323 0.081285255 0.020520599 0.016147202 0.089275276 0.16367121 0.22865785 0.29193475 0.35836195 0.43196792 0.51784085 0.6230398 0.75704228 0.93185919 1.161946 1.4633363 1.8493113 2.3191128 2.8604366 3.3592362 2.5631004
0.23765609 0.23050483 0.22283958 0.21454849 0.20550193 0.19555708 0.18457266 0.17244577 0.15919622 0.14513746 0.13114753 0.11883605 0.10990665 0.10441931 0.10071779 0.099119435 0.1023308 0.10954588 0.11654928 0.12074133 0.12153837 0.1195554 0.1180384 0.12107069 0.12691954 0.13158846 0.13307474 0.12922763 0.1148203 0.079630873 0.023438639 0.012461722 0.066971696 0.11189103 0.13350962 0.13875359 0.1298338 0.10533212 0.074312797 0.076451067 0.12424712 0.18349841 0.24081561 0.29795551 0.35817998 0.42489869 0.50303205 0.60027538 0.72723732 0.89596379 1.1175092 1.3977384 1.723405 2.0130794 1.9463684 0.68632508 1.1958246
0.24601829 0.23924025 0.2319866 0.22415502 0.21563149 0.20629841 0.19605211 0.184836 0.17269469 0.15983959 0.14666 0.13349909 0.12000425 0.10457026 0.08630086 0.071923475 0.075194677 0.093564594 0.11135902 0.1221651 0.12690214 0.12806016 0.12840006 0.12979267 0.13175756 0.13264315 0.13115836 0.12593591 0.11432666 0.092578226 0.065233425 0.061133444 0.088524678 0.11701794 0.13417433 0.14109313 0.13977572 0.13239349 0.12602047 0.13451444 0.1634636 0.20441659 0.25009556 0.29846039 0.34963111 0.4049783 0.46859399 0.54961082 0.66196024 0.81902912 1.0276925 1.2852795 1.5710283 1.8198444 1.8962453 1.8325713 2.8349699
0.25499754 0.24869675 0.24197396 0.23473252 0.22686413 0.21825503 0.20879714 0.1984032 0.18701699 0.17458767 0.1609328 0.14536084 0.12596716 0.099048283 0.061707614 0.027034468 0.032307109 0.071532853 0.10505137 0.12354086 0.13190319 0.13491163 0.13559244 0.13541445 0.13447916 0.13226937 0.12842469 0.12288233 0.1155365 0.10636893 0.098255733 0.098944106 0.11054744 0.1250333 0.1360867 0.14233769 0.14473707 0.14570345 0.14951276 0.16133578 0.1837202 0.21502252 0.25200937 0.29186007 0.33216248 0.3711475 0.41077864 0.46361549 0.55398406 0.70055689 0.90197126 1.1453746 1.4135234 1.682522 1.9442929 2.3247041 3.2269815
0.26459046 0.25887538 0.252809 0.2462973 0.23922972 0.23148067 0.22291127 0.21336678 0.2026555 0.19047664 0.1762343 0.15864261 0.13505255 0.10088145 0.0525772 0.0067461811 0.013089316 0.063614578 0.10544736 0.12782105 0.13771291 0.14098861 0.14085591 0.13874708 0.1350207 0.12962926 0.12279477 0.11560375 0.11004011 0.10761918 0.10846035 0.11274915 0.12021718 0.12867074 0.13562442 0.13987677 0.14177432 0.14348579 0.14894695 0.16198518 0.18372096 0.21245087 0.24524382 0.27856648 0.30752723 0.32517674 0.32695487 0.33068884 0.39130003 0.54141124 0.75239693 0.99140519 1.2451797 1.5116987 1.8070541 2.1909357 2.7475542
0.27478022 0.26976542 0.2644924 0.25886968 0.25278177 0.24608514 0.23860194 0.23010665 0.22029432 0.20870826 0.19459267 0.17663713 0.1526723 0.11992771 0.078741937 0.044977272 0.049375921 0.085392285 0.11842986 0.13729275 0.14542341 0.14717873 0.14517209 0.14058631 0.13370658 0.12438951 0.11266398 0.10013494 0.092039194 0.093770217 0.10237973 0.11184089 0.12011234 0.12688108 0.13147856 0.1328587 0.1303926 0.12593544 0.12659082 0.140544 0.16685758 0.1988763 0.23170534 0.2613122 0.28078685 0.27625543 0.22809861 0.15335278 0.17921709 0.36458868 0.60481885 0.84228795 1.074424 1.309903 1.5606806 1.8415042 2.1478411
0.2855341 0.28134068 0.27701224 0.27246441 0.2675807 0.26220325 0.25612054 0.24904974 0.24060957 0.23027765 0.21733113 0.20080026 0.17958971 0.15330944 0.12499719 0.1050551 0.10565394 0.12269094 0.14059542 0.15141117 0.15516723 0.15389815 0.1491537 0.1416264 0.13127972 0.11743464 0.098747035 0.074790644 0.055946677 0.063505732 0.086207425 0.10373723 0.11440113 0.12098327 0.12425924 0.12252888 0.11245051 0.093007958 0.079369556 0.097613517 0.13784706 0.1789029 0.21487693 0.24366704 0.25870587 0.24292375 0.16490052 0.032018553 0.036844075 0.25326714 0.5011666 0.71959027 0.91813207 1.1088723 1.2975963 1.4823029 1.6452539
0.29679955 0.29355301 0.29033405 0.28707534 0.28367087 0.27996127 0.27571562 0.27061066 0.26421113 0.25596034 0.24520387 0.23130066 0.21394432 0.19390457 0.1742004 0.16031962 0.15649623 0.16049163 0.16582498 0.16810556 0.16637939 0.16120628 0.15320455 0.14254357 0.12885294 0.11109823 0.086707699 0.049893723 0.010090279 0.027846673 0.070820402 0.094823612 0.10582265 0.11193836 0.11511261 0.11199888 0.095180215 0.055718507 0.016560254 0.046924957 0.10915121 0.15952778 0.19834484 0.22790965 0.24441641 0.2358402 0.18271993 0.099072024 0.11264726 0.27057368 0.45933326 0.63051073 0.78549766 0.92953189 1.0624975 1.1776897 1.2606905
0.30849945 0.30632431 0.30438792 0.30265639 0.30105439 0.29944444 0.29760027 0.29517722 0.29168866 0.28650885 0.27893955 0.26839433 0.25475258 0.23885497 0.22283801 0.20957281 0.20080012 0.19558948 0.19132496 0.18589869 0.1785008 0.16907677 0.15764475 0.14393247 0.12730013 0.10694671 0.082263416 0.051220471 0.017968534 0.034124921 0.071171357 0.088493479 0.09356653 0.098283879 0.10407359 0.10397342 0.08917484 0.050878237 0.010856548 0.041069624 0.099643146 0.14650349 0.18401514 0.21404018 0.23457091 0.24075059 0.22875743 0.2132033 0.24015881 0.32843484 0.44453086 0.56236878 0.67435003 0.77748708 0.86705012 0.93509715 0.97110777
